



250 200




0 250 250 0 0 1824 0
266 249 258 30 910 974 90
186 154 207 20 1002 1066 90
606 102 391 20 1098 1161 90
614 17 459 10 1200 1275 90
845 17 458 10 1297 1360 90
234 71 103 20 1402 1472 90
21 337 257 20 805 863 90
101 441 244 10 909 955 90
58 489 101 20 1005 1066 90
248 435 268 10 1100 1154 90
650 459 295 20 1209 1273 90
874 343 62 10 1300 1364 90
29 440 247 20 717 779 90
657 443 272 10 821 869 90
302 487 450 10 929 993 90
746 407 88 10 1035 1083 90
608 488 26 30 1136 1199 90
85 470 290 10 835 895 90
864 477 478 20 942 993 90
375 16 497 20 1038 1123 90
62 8 300 10 1131 1211 90
24 417 417 10 954 1020 90
833 453 367 20 1055 1091 90
741 418 221 10 1150 1223 90
55 420 295 20 976 1044 90
67 393 410 20 913 982 90
685 391 413 10 1013 1069 90
881 460 293 30 1121 1176 90
86 268 400 20 869 928 90
123 399 450 20 971 1056 90
883 418 295 20 1063 1140 90
134 187 491 20 771 854 90
265 6 296 10 863 926 90
401 109 463 30 959 1018 90
579 110 459 30 1057 1109 90
701 25 499 10 1154 1206 90
16 20 488 10 754 820 90
202 328 466 30 847 906 90
79 22 483 30 325 389 90
219 65 453 30 423 490 90
170 62 453 10 515 584 90
96 54 430 20 610 652 90
142 95 384 30 719 785 90
315 63 336 20 822 861 90
518 62 326 20 914 969 90
690 18 462 20 1015 1090 90
812 16 460 20 1112 1180 90
6 322 465 10 226 291 90
337 318 280 20 319 384 90
99 406 285 20 412 456 90
947 316 284 20 510 570 90
588 316 286 30 601 662 90
141 428 291 10 698 764 90
751 313 282 20 790 847 90
583 335 256 10 890 962 90
392 442 243 10 996 1052 90
453 440 241 10 1088 1145 90
826 435 267 20 1188 1247 90
28 374 489 20 269 339 90
149 182 463 30 372 440 90
210 323 471 30 469 546 90
132 419 422 20 575 647 90
307 395 295 20 677 736 90
598 405 276 20 771 848 90
733 421 218 10 880 939 90
735 388 325 10 971 1026 90
106 141 428 20 208 266 90
303 172 488 10 310 374 90
103 115 465 10 409 465 90
331 112 467 10 505 557 90
972 111 467 20 597 647 90
216 58 458 10 702 774 90
349 59 457 30 810 848 90
341 95 391 10 909 973 90
72 321 280 30 143 194 90
535 175 487 20 248 308 90
350 49 451 20 340 409 90
882 51 447 10 438 501 90
967 67 334 20 532 600 90
474 67 335 20 629 684 90
269 50 438 20 724 779 90
412 138 438 20 832 893 90
905 134 288 20 923 979 90
87 337 251 10 145 210 90
508 443 237 20 248 318 90
254 445 237 10 349 402 90
152 444 242 10 441 501 90
68 480 460 20 549 627 90
60 476 483 10 657 722 90
304 460 374 20 753 831 90
223 411 421 20 862 917 90
676 312 270 30 967 1022 90
130 218 316 20 73 134 90
411 90 296 20 166 240 90
571 57 425 20 260 317 90
155 312 264 20 131 179 90
224 315 260 10 223 278 90
590 316 258 20 317 368 90
613 320 283 30 421 471 90
495 344 262 20 522 585 90
420 338 260 20 622 678 90
398 285 163 10 714 780 90
893 246 255 10 818 877 90
164 474 96 30 271 327 90
718 459 14 20 372 439 90
432 483 22 10 476 543 90
727 481 20 20 572 631 90
624 181 6 20 678 753 90
706 386 13 10 785 878 90
832 440 63 20 886 934 90
693 389 17 10 993 1049 90
762 391 18 10 1085 1141 90
601 393 20 20 1190 1222 90
144 463 140 10 295 366 90
373 465 142 10 401 445 90
353 317 123 20 497 554 90
715 230 197 40 588 645 90
173 367 83 30 266 324 90
324 283 47 10 373 420 90
955 440 7 20 469 508 90
175 459 145 40 233 291 90
365 337 241 20 334 403 90
410 288 154 10 442 494 90
900 290 136 20 549 614 90
677 399 102 20 649 715 90
468 466 165 30 747 805 90
858 491 20 20 853 925 90
802 462 14 20 944 1000 90
839 489 27 10 1035 1117 90
228 402 265 20 306 365 90
299 477 179 20 237 308 90
458 423 290 10 329 389 90
798 423 286 20 430 477 90
521 334 240 30 526 582 90
477 285 162 30 625 688 90
267 421 415 30 297 364 90
486 406 450 20 405 464 90
362 270 401 20 217 268 90
621 272 402 10 317 353 90
855 217 323 20 424 473 90
335 199 268 20 284 368 90
604 112 217 20 383 443 90
380 80 342 10 193 275 90
679 115 218 10 298 341 90
643 206 225 10 405 446 90
285 73 328 20 193 270 90
394 131 226 20 121 183 90
545 98 215 20 218 278 90
711 12 451 20 311 359 90
938 80 290 10 420 484 90
441 128 225 10 176 253 90
736 35 304 30 280 345 90
404 165 337 20 373 422 90
742 112 219 20 469 541 90
870 65 153 30 570 614 90
795 64 101 20 667 724 90
907 136 52 10 759 817 90
653 170 26 10 855 918 90
533 137 290 10 176 245 90
954 163 337 10 277 334 90
573 320 280 10 221 298 90
640 389 334 20 316 373 90
951 341 257 20 424 490 90
578 388 408 10 361 425 90
487 460 288 10 213 265 90
704 402 284 30 313 367 90
599 400 288 30 154 232 90
976 421 292 20 245 287 90
638 321 277 10 75 140 90
615 236 213 20 39 114 90
725 215 317 10 140 194 90
714 243 248 30 243 314 90
660 352 176 20 126 175 90
667 233 207 10 105 167 90
808 233 204 20 198 260 90
745 205 228 10 110 173 90
977 74 146 30 204 259 90
840 96 270 20 308 367 90
943 92 232 10 401 462 90
758 280 162 30 158 210 90
774 279 159 20 252 301 90
760 326 118 10 213 272 90
792 339 60 20 274 338 90
879 200 14 10 311 356 90
931 368 85 30 202 275 90
941 300 108 10 150 211 90
985 284 140 40 115 172 90
963 371 193 20 133 185 90
982 470 125 20 253 316 90
853 485 24 20 387 445 90
622 478 102 10 704 775 90
716 389 11 20 707 769 90
769 432 27 10 810 878 90
730 361 17 20 777 832 90
799 198 9 20 763 819 90
749 133 26 10 776 837 90
763 37 55 10 730 780 90
991 46 74 20 612 682 90
935 167 24 20 668 736 90
919 77 350 10 997 1058 90
