



250 200




0 250 250 0 0 1824 0
548 313 126 10 873 923 90
659 363 22 20 964 1025 90
171 437 61 10 1063 1127 90
42 357 26 20 1162 1202 90
232 394 23 20 1271 1326 90
221 434 245 10 1377 1416 90
25 287 143 10 748 793 90
230 348 147 10 845 914 90
205 406 87 10 936 999 90
233 466 295 20 1033 1073 90
56 451 367 20 1134 1195 90
994 485 27 10 1231 1291 90
862 96 244 10 1332 1380 90
26 379 80 20 737 789 90
263 360 184 10 846 906 90
37 409 88 20 655 715 90
276 378 199 10 761 804 90
617 390 294 20 853 931 90
485 267 394 10 962 1027 90
73 417 218 10 1060 1126 90
290 467 114 10 1159 1223 90
14 437 12 20 557 613 90
100 460 2 20 655 720 90
414 461 8 20 756 812 90
430 464 13 20 853 906 90
361 491 25 10 957 1010 90
877 478 118 20 1058 1121 90
92 189 7 30 310 372 90
200 188 4 20 413 455 90
93 397 18 10 519 575 90
177 433 27 20 628 694 90
195 431 28 20 724 783 90
192 269 48 20 823 889 90
814 288 53 40 925 997 90
33 39 76 10 328 399 90
50 108 26 10 423 491 90
381 16 68 20 521 617 90
271 17 65 20 625 699 90
215 18 63 10 716 792 90
465 6 114 10 809 855 90
80 24 65 10 904 976 90
236 25 65 10 1005 1057 90
367 22 41 10 1110 1164 90
347 19 43 20 1203 1259 90
48 164 21 20 578 639 90
229 361 14 10 686 738 90
348 307 108 10 777 847 90
88 366 20 10 874 927 90
270 440 61 30 971 1032 90
121 26 42 20 455 519 90
320 40 52 40 546 591 90
635 26 36 10 646 702 90
172 87 96 30 744 810 90
338 64 99 10 853 904 90
895 66 98 20 944 996 90
434 174 26 10 1037 1105 90
63 275 45 20 444 515 90
214 232 42 10 545 599 90
261 288 44 20 636 711 90
366 269 46 20 733 794 90
665 379 82 10 827 884 90
340 366 93 20 936 989 90
136 286 137 10 459 516 90
259 342 54 20 553 616 90
319 343 49 10 650 710 90
292 408 84 10 745 814 90
594 199 9 20 853 911 90
503 202 4 10 950 1004 90
513 121 151 20 1053 1110 90
120 335 243 20 428 495 90
112 443 246 20 536 593 90
117 444 271 10 633 688 90
768 445 273 20 725 781 90
989 399 104 10 834 896 90
917 399 106 20 925 989 90
11 472 189 30 385 440 90
721 476 196 30 476 544 90
193 367 178 20 570 620 90
499 313 119 30 679 742 90
405 314 124 20 775 836 90
45 478 461 10 462 529 90
204 409 90 20 569 617 90
288 483 14 10 664 732 90
539 472 132 10 767 826 90
995 476 174 30 874 924 90
609 477 120 10 968 1026 90
51 424 286 10 517 571 90
157 442 247 10 623 689 90
104 422 420 20 490 545 90
251 269 402 20 587 648 90
592 213 397 10 680 744 90
166 393 301 30 482 545 90
279 376 195 10 576 616 90
651 468 199 20 669 730 90
687 391 293 20 768 834 90
213 272 403 30 494 555 90
457 395 332 10 593 648 90
992 401 255 30 685 738 90
396 423 217 20 785 849 90
188 380 498 10 523 582 90
527 382 498 10 619 669 90
237 58 449 30 993 1042 90
747 380 489 20 1084 1143 90
636 384 491 20 897 948 90
245 381 495 20 705 769 90
793 381 494 10 801 855 90
354 392 426 10 666 722 90
526 413 421 10 768 828 90
314 442 310 20 643 698 90
770 439 305 30 736 797 90
289 466 287 10 467 525 90
440 408 453 10 575 661 90
512 412 453 10 674 750 90
255 461 284 10 275 340 90
625 470 475 30 381 429 90
528 391 429 20 475 525 90
574 322 468 20 575 625 90
580 459 372 20 672 726 90
167 412 214 10 165 215 90
250 439 266 10 267 293 90
534 446 319 30 364 416 90
738 444 313 20 462 511 90
572 465 287 10 556 617 90
595 463 167 10 657 709 90
194 452 163 30 219 263 90
384 481 26 30 321 374 90
932 441 65 10 422 470 90
868 446 65 20 516 566 90
203 393 12 10 617 671 90
231 385 295 20 142 182 90
694 342 254 10 244 301 90
478 285 158 30 340 405 90
498 236 247 20 443 492 90
443 391 407 10 549 605 90
950 466 291 10 656 705 90
238 246 398 40 148 199 90
425 184 464 10 285 344 90
980 319 470 10 383 442 90
506 250 411 30 492 554 90
978 178 491 10 591 656 90
974 112 465 10 685 743 90
364 66 448 10 270 345 90
472 69 334 30 348 415 90
945 132 294 20 454 521 90
782 165 343 10 556 613 90
744 30 301 10 660 726 90
911 38 301 20 768 814 90
390 72 148 20 265 330 90
834 15 69 10 359 414 90
532 44 79 10 267 333 90
777 41 47 20 359 406 90
543 121 218 20 191 257 90
784 130 57 40 289 365 90
708 132 57 20 396 443 90
475 126 30 10 495 558 90
544 210 185 20 76 120 90
577 139 291 10 118 187 90
563 89 290 20 225 300 90
681 54 424 10 320 387 90
581 204 269 30 49 98 90
663 244 250 10 157 217 90
585 339 244 30 251 299 90
629 441 265 40 344 400 90
829 450 265 10 444 498 90
523 444 269 20 544 593 90
492 67 452 30 327 402 90
385 145 434 20 462 514 90
537 147 435 20 553 607 90
936 186 464 10 662 730 90
739 188 462 40 753 826 90
409 189 464 10 856 906 90
505 94 383 10 636 687 90
816 144 439 30 736 797 90
240 59 459 20 622 670 90
664 18 484 10 397 444 90
772 249 407 10 403 455 90
775 376 494 30 334 396 90
973 378 493 30 426 487 90
494 398 428 10 561 634 90
925 416 420 20 663 746 90
584 471 484 10 571 618 90
397 419 459 20 785 838 90
939 405 455 40 883 948 90
555 391 426 10 752 818 90
790 475 477 20 1028 1091 90
280 473 475 10 1124 1181 90
809 477 483 20 745 817 90
993 475 480 30 837 911 90
558 392 424 10 926 1007 90
717 401 281 20 968 1024 90
757 440 244 10 809 874 90
863 441 273 20 903 972 90
566 338 257 20 713 772 90
756 346 144 10 661 729 90
913 470 139 10 668 731 90
827 443 64 30 779 854 90
847 465 168 10 837 902 90
961 492 95 30 815 877 90
897 326 466 30 753 817 90
946 134 285 20 1104 1168 90
