



250 200




0 250 250 0 0 1824 0
355 237 213 10 846 917 90
59 200 261 10 945 1017 90
140 206 261 10 1050 1104 90
374 123 155 10 1143 1209 90
848 416 288 20 1251 1328 90
387 26 490 10 1345 1394 90
23 131 220 30 749 810 90
493 119 223 10 853 906 90
2 5 297 10 955 1017 90
53 7 300 30 1056 1104 90
185 64 426 10 1162 1223 90
18 73 346 10 726 772 90
138 132 290 10 818 898 90
65 152 206 10 910 973 90
431 100 394 10 1006 1067 90
552 386 414 10 1109 1162 90
9 76 345 30 539 586 90
46 128 291 10 639 706 90
519 151 207 10 731 788 90
524 132 223 30 837 909 90
160 134 428 20 935 992 90
4 78 346 30 355 403 90
317 100 387 10 449 498 90
20 129 292 10 552 610 90
256 167 339 10 648 710 90
703 116 225 20 752 820 90
418 117 152 20 859 935 90
433 93 235 10 951 1012 90
297 95 224 20 1057 1120 90
17 77 347 20 436 505 90
400 54 445 10 534 593 90
124 146 439 10 642 707 90
689 132 291 10 736 797 90
510 169 336 30 838 892 90
408 16 462 10 935 986 90
567 92 236 20 1041 1104 90
161 91 235 10 1140 1188 90
8 89 216 10 495 562 90
906 89 270 10 590 647 90
227 90 232 10 682 732 90
126 2 295 30 774 828 90
174 91 268 10 869 931 90
376 220 319 30 971 1037 90
61 30 302 10 572 632 90
720 0 297 10 679 737 90
150 92 216 10 777 834 90
383 95 218 20 873 927 90
75 57 432 10 973 1033 90
49 21 485 30 487 540 90
489 21 487 10 582 629 90
851 179 492 10 678 752 90
260 243 399 10 782 837 90
673 390 325 30 883 929 90
81 141 431 30 362 423 90
332 181 469 20 468 536 90
345 186 472 20 564 633 90
118 325 466 40 670 717 90
325 398 325 30 774 843 90
91 55 428 20 511 568 90
102 1 293 10 492 554 90
910 80 286 10 601 677 90
821 91 217 10 692 738 90
275 52 432 20 789 843 90
178 60 454 10 892 952 90
147 387 488 20 987 1046 90
176 63 444 20 1084 1146 90
74 64 108 10 473 539 90
593 113 156 10 577 661 90
428 133 53 20 668 720 90
201 180 6 10 774 839 90
429 132 30 20 875 926 90
129 93 213 30 409 457 90
143 205 223 20 491 544 90
199 320 262 10 585 656 90
455 266 405 20 680 745 90
422 111 464 10 775 837 90
865 56 434 20 881 940 90
191 199 187 20 433 490 90
438 234 246 10 537 582 90
395 150 204 20 639 694 90
127 122 35 10 305 376 90
442 226 191 20 397 459 90
343 344 146 10 496 529 90
243 307 102 40 602 647 90
979 204 185 20 707 769 90
589 235 50 30 813 896 90
603 108 116 30 911 973 90
448 22 40 30 1012 1080 90
95 20 73 10 290 354 90
352 61 147 40 383 413 90
912 25 307 10 480 529 90
781 116 221 30 571 627 90
880 114 225 30 664 723 90
850 92 233 10 768 830 90
122 113 106 20 198 260 90
301 44 47 20 289 356 90
244 169 31 20 387 447 90
333 358 18 10 485 568 90
634 182 4 10 586 659 90
426 197 11 10 678 719 90
484 168 24 10 770 816 90
148 121 157 10 220 279 90
246 95 234 10 315 362 90
463 90 274 20 411 458 90
818 79 291 10 519 568 90
211 224 192 10 215 274 90
359 224 191 20 312 359 90
357 304 97 20 407 466 90
686 304 102 30 505 559 90
639 358 16 30 596 641 90
218 205 230 30 203 263 90
371 200 229 30 301 355 90
312 317 261 20 398 473 90
339 394 333 20 492 567 90
515 399 301 30 584 634 90
737 321 263 20 680 743 90
873 315 265 10 774 841 90
278 208 184 20 146 192 90
328 188 12 30 245 309 90
483 438 31 10 348 413 90
531 438 26 10 453 497 90
740 400 103 10 546 636 90
644 290 141 30 645 709 90
646 359 182 20 748 821 90
891 469 132 10 856 923 90
892 465 136 30 964 1007 90
212 278 46 20 205 269 90
631 356 23 20 309 373 90
467 356 21 20 414 452 90
675 107 26 10 517 579 90
822 105 27 10 611 670 90
372 48 72 30 711 768 90
630 21 64 20 818 876 90
308 195 185 20 335 399 90
678 109 108 10 444 510 90
313 67 108 10 297 346 90
407 3 292 20 404 457 90
586 89 272 10 498 555 90
934 0 293 30 591 637 90
541 86 268 10 689 735 90
316 109 107 20 357 416 90
322 94 97 20 285 334 90
481 67 109 20 388 438 90
351 125 39 20 245 318 90
382 124 56 20 231 285 90
406 9 124 20 271 336 90
627 93 96 20 374 427 90
415 96 97 20 217 280 90
488 224 203 20 53 90 90
562 123 159 20 156 216 90
705 108 105 20 258 329 90
536 26 45 30 303 366 90
682 125 32 30 407 462 90
846 186 7 20 500 555 90
509 4 114 10 712 769 90
310 30 72 10 1379 1434 90
642 24 68 20 1282 1337 90
811 95 277 20 1057 1121 90
522 92 270 20 954 1029 90
695 92 223 10 967 1023 90
672 49 76 20 899 950 90
830 102 27 20 796 852 90
872 102 29 30 887 946 90
903 107 35 30 986 1041 90
557 15 68 10 448 508 90
966 24 41 10 557 601 90
564 39 50 30 440 511 90
497 167 27 30 487 536 90
198 237 43 20 631 702 90
773 107 112 30 728 787 90
728 152 207 20 824 877 90
618 275 42 30 537 608 90
712 201 188 10 526 581 90
996 330 242 30 627 671 90
723 92 230 20 498 549 90
778 96 213 30 311 369 90
616 68 108 10 230 324 90
820 7 123 30 329 399 90
819 95 235 10 155 227 90
937 7 292 10 246 306 90
902 121 219 20 132 203 90
999 94 235 20 227 266 90
968 207 227 10 48 112 90
924 311 266 10 63 126 90
854 388 331 20 160 230 90
940 439 312 30 257 324 90
849 388 418 10 217 283 90
962 405 450 20 311 376 90
960 455 365 20 235 306 90
990 472 481 20 477 527 90
970 15 457 20 462 534 90
852 132 55 10 573 632 90
888 228 199 10 673 746 90
876 67 105 10 579 622 90
927 4 116 10 618 678 90
688 66 336 10 719 778 90
752 53 440 10 633 684 90
956 208 222 30 667 734 90
886 91 266 10 776 840 90
929 268 52 10 1003 1079 90
