



250 200




0 250 250 0 0 1824 0
169 346 150 20 948 998 90
110 362 22 20 1050 1121 90
146 435 62 30 1156 1218 90
469 415 223 20 1257 1302 90
500 13 51 10 1366 1425 90
12 270 49 30 925 970 90
399 203 7 20 1033 1108 90
514 403 93 10 1131 1181 90
82 202 9 10 1225 1281 90
156 208 11 20 1316 1382 90
64 238 46 40 735 784 90
389 109 114 10 829 871 90
47 111 113 10 632 694 90
311 244 254 20 723 787 90
427 396 410 10 829 880 90
554 468 295 10 934 987 90
549 390 415 20 1042 1090 90
568 413 417 10 1135 1207 90
22 237 254 20 629 688 90
206 394 407 20 733 789 90
180 485 454 10 842 890 90
547 328 458 10 944 1006 90
7 393 408 30 630 708 90
295 483 457 20 735 811 90
342 391 425 20 842 909 90
684 457 374 10 945 1005 90
507 464 134 20 1048 1106 90
753 458 130 20 1140 1210 90
13 219 325 10 520 563 90
89 72 344 20 618 695 90
27 87 285 30 709 764 90
105 75 347 10 810 872 90
97 74 350 10 915 955 90
225 136 288 10 1023 1063 90
284 70 100 10 1119 1191 90
805 72 96 20 1220 1278 90
878 73 101 20 1313 1375 90
39 163 340 30 468 513 90
119 124 219 20 571 615 90
530 192 265 10 678 721 90
252 267 400 10 779 836 90
628 218 318 20 884 939 90
153 90 285 40 981 1042 90
871 8 118 20 1079 1138 90
34 35 306 20 369 440 90
298 122 216 10 461 537 90
90 149 203 10 553 597 90
610 126 220 20 659 711 90
661 212 223 40 758 832 90
699 200 265 10 853 922 90
159 118 153 30 949 1028 90
416 68 99 10 1040 1085 90
765 173 28 10 1134 1191 90
40 129 223 20 274 340 90
282 123 222 30 376 430 90
654 197 270 30 474 548 90
277 238 204 20 566 634 90
286 241 205 30 669 717 90
444 198 264 20 770 821 90
281 215 395 20 865 928 90
391 220 392 20 970 1015 90
44 77 344 10 254 319 90
249 135 293 30 360 430 90
424 148 206 20 458 506 90
461 111 110 20 550 590 90
559 88 95 20 658 712 90
114 65 100 10 763 811 90
445 179 7 20 864 930 90
517 176 8 10 969 1012 90
454 182 14 10 1062 1116 90
662 8 120 10 1169 1232 90
52 200 270 20 208 260 90
287 250 405 20 303 370 90
226 173 490 20 406 462 90
671 174 494 10 498 559 90
168 210 398 10 592 647 90
794 218 321 20 697 759 90
971 217 319 10 789 851 90
732 206 186 10 891 955 90
674 7 118 20 988 1047 90
666 84 346 20 1095 1157 90
77 143 207 30 267 326 90
417 146 205 10 363 417 90
600 61 156 30 462 532 90
729 14 459 20 559 622 90
490 21 488 10 667 725 90
109 148 211 20 167 233 90
329 136 290 20 272 332 90
368 198 271 20 380 458 90
761 207 400 20 489 562 90
626 245 408 10 585 652 90
748 395 331 20 690 734 90
116 102 264 10 148 215 90
789 117 467 10 254 307 90
125 162 336 20 180 247 90
158 140 431 30 280 324 90
403 13 455 10 381 430 90
181 6 292 10 316 360 90
209 38 72 30 420 496 90
222 2 116 20 526 586 90
360 37 51 10 633 689 90
247 22 33 10 735 803 90
869 71 156 10 844 904 90
113 22 37 10 833 894 90
452 22 38 20 929 980 90
257 26 43 10 365 427 90
462 97 93 20 460 530 90
698 95 92 20 554 621 90
786 66 156 10 653 718 90
866 12 463 20 751 800 90
669 20 489 10 856 901 90
731 8 497 40 959 1006 90
713 60 428 20 1059 1137 90
190 111 23 10 266 326 90
262 274 48 10 368 405 90
421 285 44 10 459 522 90
930 345 144 30 568 640 90
670 361 181 20 662 723 90
824 238 210 30 757 821 90
183 248 251 20 2 63 90
473 152 210 20 105 163 90
648 230 49 20 201 253 90
504 343 144 10 302 349 90
766 343 148 20 399 441 90
692 466 142 10 492 537 90
154 446 64 10 600 665 90
370 446 63 20 697 750 90
450 476 102 20 797 866 90
875 384 16 20 892 959 90
724 432 24 20 1000 1056 90
379 428 24 10 1105 1140 90
668 344 62 10 1208 1274 90
208 186 461 20 220 284 90
553 116 466 20 318 373 90
948 56 428 20 415 482 90
268 319 468 10 289 353 90
620 460 367 20 392 450 90
546 484 174 10 496 544 90
591 425 288 10 603 669 90
346 390 408 30 450 520 90
807 443 313 30 554 602 90
363 474 461 30 307 379 90
861 391 334 20 402 470 90
776 403 262 30 493 547 90
619 423 214 20 595 669 90
843 479 121 10 692 754 90
942 478 121 40 788 840 90
885 477 122 10 886 924 90
309 463 194 20 220 279 90
542 415 216 10 319 384 90
928 417 217 30 423 465 90
336 436 237 20 186 264 90
801 374 190 20 292 344 90
496 390 301 10 391 450 90
435 436 264 20 186 248 90
890 467 195 10 285 344 90
899 467 285 20 380 428 90
959 462 367 20 481 545 90
841 461 369 10 579 633 90
451 386 405 20 206 266 90
482 468 475 10 313 373 90
476 390 423 10 290 336 90
969 277 403 10 395 464 90
597 248 404 30 214 274 90
656 203 390 40 307 361 90
771 208 396 20 401 462 90
605 389 404 10 267 331 90
797 478 464 10 360 446 90
806 489 87 20 451 499 90
710 493 91 30 542 599 90
645 439 15 20 650 706 90
611 439 310 10 198 256 90
810 459 368 10 299 361 90
734 402 264 20 216 273 90
755 400 286 10 217 276 90
783 388 334 20 227 280 90
658 210 391 30 202 272 90
815 211 386 20 141 212 90
914 270 400 10 151 213 90
785 422 409 10 234 290 90
836 335 255 20 85 124 90
780 391 99 20 206 268 90
633 277 50 10 257 329 90
859 279 42 40 262 338 90
896 166 32 10 296 352 90
949 232 47 10 262 327 90
984 166 34 20 231 305 90
997 332 249 30 82 144 90
981 163 331 40 118 179 90
957 485 95 10 281 351 90
788 389 428 20 380 435 90
952 420 213 10 509 568 90
649 407 280 10 595 653 90
920 91 231 30 579 652 90
918 197 267 10 582 626 90
857 169 340 10 737 806 90
516 97 387 10 823 869 90
887 16 463 20 836 904 90
828 92 234 10 853 926 90
944 111 463 20 875 919 90
