



250 200




0 250 250 0 0 1824 0
207 358 183 20 932 1005 90
128 346 60 10 1027 1086 90
98 202 8 10 1134 1190 90
71 90 237 20 1229 1284 90
447 483 27 20 1322 1384 90
15 418 218 20 974 1030 90
817 224 314 10 1074 1126 90
637 418 290 10 1172 1221 90
283 436 241 20 1271 1333 90
41 371 200 10 843 916 90
916 460 171 30 937 994 90
187 481 456 40 1028 1091 90
19 480 455 10 1123 1179 90
43 470 473 10 1221 1270 90
31 379 196 20 665 714 90
241 348 145 20 763 813 90
576 312 267 10 862 941 90
358 196 462 10 955 1003 90
217 416 417 20 1057 1099 90
538 111 459 20 1152 1195 90
436 24 492 10 1252 1302 90
647 413 287 10 1348 1417 90
5 286 159 20 530 597 90
163 377 76 20 638 699 90
145 343 47 20 738 805 90
696 404 83 30 831 916 90
165 346 57 20 925 1002 90
30 281 137 10 370 416 90
565 359 179 20 465 529 90
133 467 141 10 574 637 90
377 484 171 10 680 736 90
296 479 169 20 774 834 90
220 421 294 10 883 953 90
32 297 102 10 214 281 90
291 120 159 10 306 377 90
57 118 157 20 403 465 90
131 116 156 10 495 557 90
491 87 217 10 597 644 90
378 55 431 20 694 752 90
189 88 286 10 795 859 90
196 8 116 20 894 957 90
641 48 78 20 990 1042 90
264 23 67 30 1092 1157 90
750 21 68 20 1189 1243 90
83 20 48 10 1294 1358 90
3 355 177 20 194 245 90
54 433 31 10 285 333 90
602 484 177 20 390 463 90
10 410 285 20 499 556 90
162 406 257 10 596 637 90
439 315 287 30 693 754 90
239 423 294 10 790 863 90
273 402 281 20 886 924 90
1 387 297 10 200 270 90
70 389 300 10 293 364 90
107 404 264 20 395 462 90
702 319 260 20 489 566 90
78 221 325 10 594 673 90
471 241 403 10 686 744 90
464 214 394 10 778 834 90
680 88 287 30 878 959 90
69 337 256 20 154 201 90
115 404 447 20 250 280 90
36 245 251 10 60 130 90
66 99 218 30 154 205 90
356 71 333 10 252 325 90
258 101 386 20 349 415 90
393 69 336 20 440 507 90
958 97 385 30 537 598 90
413 13 459 20 646 718 90
274 71 153 20 746 816 90
569 91 101 10 844 902 90
975 173 25 20 952 1007 90
540 349 158 20 1050 1093 90
38 273 55 20 196 246 90
184 433 15 20 297 344 90
501 200 13 10 397 453 90
460 131 56 10 489 533 90
235 125 29 30 588 649 90
596 129 27 10 680 745 90
560 116 151 20 774 836 90
76 356 24 20 249 323 90
151 370 83 20 357 419 90
137 370 82 40 450 509 90
369 287 43 10 555 609 90
632 267 44 20 649 693 90
35 435 68 10 259 314 90
300 406 99 20 367 438 90
466 375 191 30 473 531 90
253 473 196 10 564 642 90
575 483 458 10 656 708 90
423 468 291 30 748 798 90
480 459 374 20 848 917 90
84 457 163 20 284 346 90
437 406 94 10 375 430 90
683 199 12 20 475 557 90
344 198 12 10 582 631 90
327 305 107 20 688 753 90
108 398 23 10 270 334 90
139 435 11 40 362 422 90
326 460 13 20 462 532 90
334 459 10 10 566 614 90
111 479 127 20 412 478 90
551 481 124 10 505 571 90
94 481 122 30 607 653 90
446 425 215 10 699 748 90
242 477 97 10 421 495 90
419 481 96 20 526 577 90
179 478 99 10 617 675 90
831 492 94 10 724 787 90
700 435 16 10 829 895 90
889 435 20 20 933 980 90
550 459 17 20 1039 1094 90
323 476 94 20 334 396 90
470 397 20 20 433 477 90
607 434 26 10 538 601 90
318 494 94 10 634 692 90
754 437 15 30 739 801 90
697 290 46 20 832 896 90
182 398 20 20 333 394 90
272 323 118 20 304 367 90
321 319 124 20 400 465 90
804 231 195 20 497 552 90
197 233 47 20 356 415 90
767 231 43 10 447 513 90
998 375 80 10 550 598 90
305 279 138 40 281 320 90
964 234 202 10 389 440 90
988 238 203 10 483 534 90
844 207 223 10 585 634 90
953 116 152 20 678 750 90
923 231 204 20 776 834 90
293 413 217 20 230 289 90
796 343 254 20 334 394 90
294 338 142 40 204 256 90
306 338 147 10 135 193 90
764 204 15 20 239 301 90
842 105 22 30 339 385 90
502 0 120 30 431 492 90
709 43 71 40 525 581 90
898 202 186 20 616 676 90
459 104 28 20 716 748 90
894 49 75 20 810 857 90
386 335 57 30 210 261 90
722 458 16 20 313 369 90
388 324 127 30 143 200 90
511 200 178 20 240 298 90
561 240 250 10 340 405 90
402 355 180 30 279 345 90
987 376 190 30 382 439 90
719 411 95 30 475 521 90
759 488 173 20 583 645 90
556 408 279 20 682 747 90
456 357 181 20 367 441 90
965 404 103 20 464 530 90
908 462 167 20 566 617 90
449 479 176 20 296 367 90
837 419 418 10 394 454 90
743 408 452 10 490 564 90
479 406 96 20 280 342 90
867 458 164 20 374 439 90
779 461 167 10 470 531 90
520 299 98 30 320 364 90
529 398 97 10 264 344 90
901 341 58 10 364 433 90
909 340 54 10 461 525 90
582 407 98 10 218 297 90
707 472 129 10 312 383 90
623 400 260 40 150 212 90
655 415 289 20 169 228 90
726 371 192 30 190 259 90
926 231 203 20 291 352 90
612 212 319 30 227 293 90
904 216 319 10 321 387 90
652 101 384 30 200 262 90
570 55 449 20 278 339 90
823 101 385 20 262 320 90
922 35 303 20 221 262 90
986 85 288 20 329 386 90
813 100 266 20 207 275 90
933 201 270 10 108 177 90
800 225 196 10 128 174 90
856 281 164 20 91 140 90
884 282 139 20 188 227 90
825 439 67 10 322 386 90
787 485 86 20 349 413 90
835 489 17 10 764 826 90
135 433 25 20 903 970 90
587 488 96 10 909 973 90
330 439 268 10 1005 1060 90
860 439 243 20 1191 1227 90
691 347 62 10 1121 1176 90
525 428 25 20 1175 1251 90
791 429 27 20 1272 1339 90
983 315 121 10 590 647 90
921 398 103 30 739 807 90
803 347 54 10 836 904 90
838 292 41 10 733 804 90
1000 287 144 20 827 895 90
915 204 187 30 803 857 90
