numero di veicoli usati: 170
costo totale: 194091

79 664 49 489 490 16 669 731 375 701 436 387 

711 403 970 729 413 866 887 408 690 812 614 845 

570 350 882 400 752 269 865 75 185 

364 492 219 170 240 216 349 178 237 176 

571 681 948 91 96 378 275 713 

943 

535 303 226 671 978 851 409 358 

181 407 102 934 720 265 2 53 62 

268 969 485 

772 506 626 

34 912 61 744 680 153 811 

789 553 103 331 972 974 422 944 401 579 538 

28 980 

39 782 510 

472 393 967 474 315 518 946 

4 17 9 89 18 105 97 919 666 

258 317 958 505 142 516 341 431 606 

945 20 905 225 

463 586 906 174 522 

81 385 537 124 816 412 160 

425 149 332 345 936 281 391 

938 818 910 59 140 

13 376 817 

771 761 168 

482 625 990 584 60 809 993 864 790 280 43 

363 797 45 68 575 295 180 302 187 19 

605 578 346 443 7 206 67 685 

115 962 486 743 440 512 397 123 

210 574 118 547 

152 112 157 757 525 791 

960 810 620 959 841 580 304 480 684 833 56 

120 521 996 

279 31 601 232 

476 788 528 494 354 555 558 549 552 

133 608 994 447 

775 973 188 527 245 147 747 

899 289 572 950 423 85 554 233 881 650 647 

908 753 

107 776 162 29 101 392 453 860 283 221 

640 861 339 457 748 325 673 735 

785 267 837 104 132 925 526 223 24 217 568 

546 759 877 290 

458 798 51 591 141 637 848 

312 199 676 

721 253 651 507 146 

99 10 649 556 598 273 717 

213 251 

829 523 117 768 657 863 330 248 826 

496 166 515 307 687 617 

702 420 583 

900 42 874 

5 691 668 

534 738 807 314 770 239 220 55 883 

951 495 992 733 15 73 741 469 

193 540 

613 947 588 

952 619 446 514 

968 745 218 371 498 

183 36 663 714 561 

285 356 688 138 

914 362 621 793 636 

937 126 

638 72 573 337 

977 390 821 150 493 

922 736 911 

411 563 986 27 189 

116 813 840 541 886 

415 560 

819 999 246 227 850 828 

380 44 46 689 699 

451 342 

849 939 

623 694 566 21 

66 545 778 880 703 524 

106 158 134 

854 783 427 

652 823 592 464 

231 439 751 

902 543 679 604 610 23 

473 109 77 417 395 519 728 

577 533 329 249 918 311 893 

815 658 656 471 260 

615 667 808 926 964 277 286 824 

562 148 291 143 844 956 661 

836 69 590 

997 87 585 

544 278 511 308 898 979 915 732 

238 597 287 455 252 86 

963 

599 737 873 

394 441 40 282 530 444 

130 725 612 904 855 78 794 971 628 

981 125 954 404 256 857 266 

924 155 224 

985 884 477 398 

581 933 52 335 368 654 22 

660 

122 643 438 

856 758 774 

208 739 

488 800 211 359 442 715 888 923 355 

6 897 202 

536 257 121 966 635 247 113 452 448 367 347 83 500 

322 627 462 698 559 172 569 603 

190 842 50 675 822 459 830 872 903 

298 119 

352 600 870 786 274 869 186 

92 200 846 634 624 201 445 517 454 

351 127 682 475 235 596 749 429 

896 244 497 48 935 484 653 975 434 765 

767 214 198 

95 834 557 381 271 215 630 80 236 264 750 642 310 

532 33 209 709 991 372 894 672 805 

382 784 708 460 852 428 907 

406 820 502 222 927 509 465 196 674 871 662 

57 131 593 953 418 159 513 374 

63 618 929 

879 501 683 344 426 594 503 399 98 82 156 

301 777 564 320 360 763 641 234 

424 90 65 

705 316 678 461 47 773 389 

616 313 481 74 876 795 114 338 895 416 284 878 

742 781 

191 712 

804 

129 8 491 383 695 297 

723 920 433 567 161 71 862 

988 

184 139 955 14 645 754 700 889 379 

722 718 326 334 100 414 430 802 550 

35 825 932 868 154 370 827 832 270 171 

108 182 470 93 203 716 706 875 693 762 

984 

164 323 242 419 179 622 450 

309 890 11 276 41 

582 479 437 719 204 37 292 696 205 746 

175 144 373 692 913 539 891 892 

194 84 867 779 595 468 847 916 

336 508 254 396 

435 250 629 

764 

54 483 531 607 177 195 769 135 724 

931 173 151 137 998 163 26 665 340 

76 631 467 333 639 229 730 88 659 110 

780 529 300 965 740 677 921 989 917 

388 760 272 321 353 983 499 405 548 

212 859 324 421 369 261 838 697 814 

386 792 901 909 259 319 145 803 165 128 

941 32 520 357 686 243 327 348 

648 949 197 64 589 

655 976 576 

726 801 987 466 

38 633 262 632 366 192 12 

611 940 

384 853 432 727 288 835 858 361 839 

957 787 806 710 318 831 961 587 58 

982 707 111 551 94 843 942 885 609 

487 255 

299 449 602 377 296 995 

755 704 

1 70 

478 410 

734 228 

167 293 542 928 

3 402 456 565 670 646 263 207 

305 30 136 644 25 1000 

306 294 504 766 343 930 756 241 230 169 

796 

365 

328 799 

