numero di veicoli usati: 156
costo totale: 182698

54 483 531 607 645 754 700 889 724 379 525 

722 718 326 334 100 414 430 802 550 

384 853 432 727 288 835 858 361 839 608 994 447 

184 139 955 14 177 195 769 135 791 

108 182 470 93 203 716 706 875 693 762 601 232 

35 825 932 868 154 370 827 832 270 171 146 

582 479 437 719 204 37 292 696 205 746 514 

957 787 806 710 318 831 961 587 58 290 

792 901 909 259 319 803 165 128 691 668 

810 620 554 233 881 

164 323 242 419 179 622 450 609 877 753 

84 867 779 908 595 468 847 916 

987 466 41 

534 738 55 883 

890 11 721 253 733 15 73 741 

780 529 300 965 740 989 917 540 

76 631 467 333 639 229 88 659 110 42 874 

504 766 343 677 921 230 169 

262 63 618 98 82 156 

982 707 111 551 94 843 942 885 507 

931 173 151 137 998 163 665 340 

175 144 373 692 133 913 539 891 892 

299 449 602 546 759 377 296 995 

629 829 330 248 

542 928 952 

99 

324 421 369 929 

107 

798 717 

520 357 686 

272 321 353 

254 152 112 101 392 453 860 

899 289 863 

456 565 263 207 

30 136 

478 410 

79 664 49 489 490 16 669 731 375 701 436 387 

711 403 970 729 413 866 887 408 690 812 614 845 

364 492 219 170 240 216 349 178 237 176 

570 350 882 400 752 269 865 75 713 185 

937 181 407 102 934 720 126 265 2 53 62 

571 681 948 91 96 378 275 341 431 606 

652 823 258 317 958 505 142 516 

535 303 226 671 134 409 358 

380 44 4 17 9 89 18 105 97 919 666 

789 553 103 331 972 974 422 944 401 579 538 

986 938 818 910 27 189 680 153 811 

106 158 81 385 537 124 816 412 160 

840 463 586 906 541 886 174 522 

285 356 472 393 967 474 688 315 518 946 

268 969 

954 404 39 782 857 510 

943 723 695 297 

621 86 485 

736 34 912 61 744 911 433 567 161 71 862 

208 425 149 332 739 281 391 

656 771 761 464 376 817 

287 772 506 266 

329 249 945 20 689 138 905 225 

28 676 

904 855 971 628 

643 186 

335 368 654 699 59 140 

130 725 612 13 78 794 

167 293 26 

238 597 626 471 

487 255 572 950 85 

388 760 243 145 

849 476 

655 976 458 51 157 29 757 

785 267 591 556 598 273 

435 250 523 117 768 657 

336 508 619 446 396 

854 783 640 861 339 457 748 

960 807 314 141 239 220 

309 651 

623 734 228 776 162 992 583 

914 362 213 251 455 

611 940 10 649 566 21 

941 261 838 

194 730 

231 1 70 496 166 515 307 687 617 

981 125 256 893 

660 3 402 930 756 241 

985 884 900 327 348 

963 726 801 193 670 646 

306 294 983 499 405 

577 533 46 444 

815 658 168 592 

856 758 774 5 644 25 

836 69 694 796 951 477 398 

599 755 704 279 31 276 

997 87 585 365 120 521 996 

115 578 

473 395 661 

638 72 573 337 613 947 588 439 751 

924 155 224 590 312 702 199 

6 

451 605 495 420 737 873 576 

544 278 712 898 979 923 

183 36 663 714 561 

581 933 52 918 530 

394 143 844 956 

488 800 211 804 715 888 824 

615 667 808 988 277 286 

968 745 218 498 438 22 311 

819 999 246 920 227 850 828 

922 

95 834 557 381 271 215 630 80 236 264 750 642 310 

532 33 209 709 991 372 894 672 805 

190 842 50 675 822 459 830 872 903 

536 257 121 966 635 247 113 452 448 367 347 83 500 

122 705 316 678 461 47 773 389 603 

984 896 244 497 48 935 484 653 975 434 765 

32 1000 

328 92 200 846 634 624 201 445 517 454 

305 

764 879 501 683 344 426 799 594 503 399 

301 777 564 320 360 763 641 878 

351 127 682 475 235 596 749 429 

406 820 502 222 927 509 465 196 674 871 662 

616 313 481 74 876 795 114 338 895 416 284 234 

382 784 708 460 852 428 907 

212 859 697 814 

38 633 632 366 192 12 

109 77 417 424 90 519 728 65 

648 949 197 767 214 198 64 589 

562 148 291 57 131 593 953 560 418 159 513 374 

977 390 352 600 870 786 274 869 

415 322 627 462 698 559 172 569 

116 813 

902 543 679 604 742 781 880 703 493 

66 545 778 129 8 491 821 150 383 

411 563 

441 40 282 298 119 610 23 524 

511 308 191 915 732 

359 442 355 

371 

926 964 

386 548 

482 625 990 584 60 809 993 864 790 280 43 

363 797 45 68 575 295 180 302 187 19 

345 936 

962 486 743 440 512 397 939 123 

423 650 647 

837 104 132 925 526 223 24 217 568 

788 528 494 354 555 342 558 549 552 

978 851 

775 973 188 527 245 793 636 147 747 

980 210 574 118 897 202 547 

260 

346 443 7 206 427 67 685 469 

959 841 580 304 480 684 833 56 

252 

770 826 283 221 

325 673 735 637 848 

