numero di veicoli usati: 97
costo totale: 149210

660 3 402 456 565 670 646 263 207 

285 315 882 400 237 570 350 690 812 614 845 431 

482 625 990 584 60 809 993 864 790 280 43 

722 718 334 14 955 700 724 135 607 195 791 665 

72 573 337 613 947 588 439 

562 291 131 953 560 698 462 705 678 461 191 712 

122 322 627 559 894 80 236 709 991 672 

108 182 470 93 203 716 706 875 42 145 909 386 

323 806 710 318 831 430 802 550 326 531 54 

28 775 973 188 527 245 793 636 147 747 

406 820 502 222 927 509 196 465 834 750 310 313 

194 84 867 779 595 133 891 171 146 514 780 504 

725 612 857 782 256 510 628 376 817 

473 417 77 148 47 773 389 603 418 159 

197 949 767 214 198 64 589 804 808 615 

204 825 932 868 154 370 827 832 270 35 37 

981 492 219 170 240 216 349 178 176 

789 553 103 331 972 401 579 160 904 130 

363 45 68 797 397 512 440 939 123 494 685 578 

294 766 343 930 756 241 230 169 

364 49 489 413 729 866 408 887 664 490 79 

937 181 407 102 934 720 126 265 2 53 62 912 61 

76 467 639 229 730 88 693 762 139 184 379 

982 179 419 622 242 164 483 645 754 889 525 

316 872 459 830 635 448 367 347 83 763 

301 777 557 381 271 500 452 113 247 536 360 569 

960 810 620 959 575 295 180 302 187 19 104 

175 707 111 551 94 942 361 858 835 288 

488 896 984 244 497 764 192 929 136 1000 856 

957 787 432 100 414 769 177 727 853 608 839 

667 800 211 715 888 915 732 359 926 923 

351 682 475 48 935 484 653 975 434 765 442 964 

449 602 546 759 377 296 843 450 447 994 384 

487 255 289 651 299 995 892 507 877 290 753 

208 425 149 332 974 422 944 538 412 855 794 

143 186 728 65 519 371 

849 549 206 427 67 346 552 451 

32 520 369 319 803 901 128 691 137 173 931 

340 529 437 719 300 921 26 165 668 874 272 

711 403 970 752 16 669 731 375 701 436 387 

577 533 249 945 20 138 225 654 368 933 

155 224 312 702 199 311 893 

415 257 121 966 215 630 264 95 642 564 876 616 

357 792 259 631 333 110 659 601 232 163 306 

190 842 50 235 596 749 429 903 822 675 127 382 

328 92 200 846 634 624 201 445 517 454 355 

643 869 870 600 786 274 390 593 57 374 968 

388 760 151 998 292 696 205 746 582 965 740 989 917 

40 610 119 880 383 723 227 828 433 862 438 498 

648 879 501 683 344 426 799 594 503 399 98 82 156 988 

535 303 226 671 978 851 134 358 409 345 936 739 464 

785 267 837 132 925 526 223 558 528 788 555 476 

115 962 486 743 354 342 24 217 568 7 443 605 

38 262 859 63 618 632 366 12 30 

521 365 585 992 847 916 692 373 144 193 

532 33 209 320 372 641 895 416 284 234 

404 954 39 505 142 516 958 823 125 183 

336 508 254 152 112 29 757 554 233 881 650 591 

997 87 73 396 733 309 11 468 908 801 

590 495 717 99 10 647 637 848 231 676 

116 813 840 586 906 27 189 153 811 530 444 

120 293 542 952 619 446 283 453 392 157 101 860 221 566 

599 940 314 534 833 56 640 854 

979 784 708 460 852 428 907 898 

623 734 228 776 248 826 435 162 951 

638 783 861 339 457 748 325 673 735 751 

985 884 305 321 353 644 25 410 

819 999 463 818 938 910 518 472 356 46 905 52 

380 44 4 17 269 275 865 75 713 185 606 

946 563 986 393 967 744 680 140 22 

914 362 621 969 213 251 455 252 86 485 

873 755 704 976 458 141 863 657 523 629 250 

6 268 980 210 574 118 897 202 547 

611 807 841 304 480 684 580 738 770 239 220 

714 844 956 661 

238 597 287 772 506 626 471 260 266 

106 158 81 385 537 124 816 13 971 

900 941 327 243 686 348 499 983 405 548 

815 658 656 771 761 168 592 281 391 78 

543 679 604 920 943 850 161 911 922 736 34 

987 890 721 253 913 539 885 609 58 961 587 540 

677 479 466 279 31 276 167 928 15 741 469 

513 481 74 795 674 871 662 352 977 745 

109 298 742 821 150 129 8 491 695 297 703 23 

36 329 689 411 474 688 89 97 919 105 18 9 666 

581 335 918 699 59 561 

758 774 478 5 477 398 

394 282 902 778 545 781 493 441 524 

544 278 511 633 212 421 838 697 261 324 814 

655 798 51 117 768 572 950 423 85 899 829 330 107 

1 70 496 166 515 307 883 55 687 617 924 

66 246 567 71 541 886 174 522 663 

652 681 948 91 96 378 571 341 317 258 

836 69 694 796 273 649 556 598 41 726 963 

996 583 21 420 737 576 

218 395 424 90 114 338 805 878 172 308 

286 277 824 

