numero di veicoli usati: 100
costo totale: 148418

402 456 565 670 263 207 

815 658 656 771 761 168 592 281 391 

238 597 287 772 506 626 471 260 266 

167 542 952 619 446 396 733 15 928 365 120 

849 476 555 788 528 354 342 558 549 552 

958 681 948 91 96 378 275 865 75 431 404 

766 343 930 756 241 230 169 

78 553 103 789 972 331 422 974 944 401 538 579 

854 783 640 861 339 206 427 67 7 443 605 

581 680 986 938 818 910 27 189 563 411 663 

311 893 

482 625 990 584 60 809 993 864 104 132 

585 279 31 276 466 726 963 

28 775 973 188 527 245 793 636 147 747 

836 69 704 755 515 307 687 617 676 

982 707 111 551 94 843 942 885 609 877 3 

155 224 312 737 199 873 576 924 

38 262 63 618 198 64 589 

960 810 620 959 841 580 304 480 684 833 56 

336 508 254 152 112 157 29 757 392 860 283 221 590 

711 403 970 413 729 866 887 690 350 237 

535 303 226 671 978 851 134 345 936 739 464 

914 362 621 969 213 251 455 252 86 485 

510 256 857 385 537 124 816 412 160 904 

108 182 14 334 414 430 802 550 531 54 26 340 

6 268 980 210 574 118 897 202 547 

488 278 511 852 428 907 359 926 667 615 

380 44 4 17 89 474 688 315 97 919 666 

785 267 837 925 526 223 24 217 568 346 578 451 

309 890 721 253 651 741 469 521 

363 797 45 68 575 295 180 302 187 19 512 123 

957 323 419 450 622 58 961 587 179 242 164 290 

115 962 486 743 440 939 397 790 280 43 494 685 

611 940 534 738 807 314 770 883 

11 602 546 759 377 296 847 916 692 373 144 801 

655 51 798 649 556 863 248 826 629 250 435 

779 595 995 449 299 468 908 194 987 

599 55 220 239 141 458 976 637 848 647 99 717 

293 73 453 101 829 899 85 423 572 523 330 107 495 

487 255 289 657 117 768 950 554 233 881 650 591 420 

623 734 228 598 10 273 951 566 21 

270 384 432 727 288 835 858 361 839 608 994 504 

306 529 437 146 483 889 700 379 525 791 173 

388 760 151 998 803 165 128 691 668 874 243 327 

660 825 932 868 154 370 827 832 171 37 514 780 

722 718 326 100 955 645 184 470 232 272 

758 774 478 5 477 398 

348 901 601 203 716 706 875 693 762 93 139 754 

305 192 366 632 12 929 

175 787 806 710 318 831 447 853 35 965 

665 195 769 177 607 135 724 163 137 931 

909 319 467 333 639 229 730 88 659 110 42 145 

76 631 838 369 421 859 212 633 30 884 

997 87 694 796 776 162 992 583 702 

41 84 867 133 913 539 891 892 507 753 193 646 

231 1 70 496 166 457 748 325 673 735 751 

792 259 386 697 261 324 814 357 941 136 

989 479 719 740 677 921 

606 79 49 489 16 669 731 375 701 436 387 

544 784 708 460 127 822 830 966 367 347 83 122 

933 9 18 105 505 142 516 571 713 185 341 317 258 

364 492 219 170 349 178 490 664 570 176 

351 682 475 235 596 749 429 903 382 979 

519 417 352 222 927 509 465 196 871 870 869 968 

937 181 407 102 934 720 126 265 2 53 62 912 61 

984 896 244 497 48 935 484 653 975 434 765 442 

294 205 292 696 746 204 582 300 917 540 

36 335 918 441 383 778 545 742 781 902 561 

638 72 573 337 613 947 588 439 

988 879 501 683 799 594 426 344 804 964 808 355 

652 823 882 400 752 216 240 408 812 614 845 269 

648 949 197 767 214 156 503 399 98 82 764 286 

898 322 627 795 114 338 416 284 234 593 643 

66 297 695 600 786 274 390 977 23 

800 211 715 888 915 732 

316 47 773 389 308 191 712 

415 777 320 642 264 750 834 95 310 895 

532 33 209 991 372 894 672 805 603 

981 125 954 39 782 533 225 654 

360 257 121 536 630 80 236 709 641 878 

116 813 840 463 586 906 541 174 522 811 153 530 

819 999 246 723 227 920 943 850 828 433 567 161 71 862 

985 32 520 686 644 25 856 

208 425 149 332 409 358 13 855 794 376 817 

577 329 911 922 744 502 674 662 491 8 129 

406 820 557 381 271 215 500 448 452 113 247 635 

190 842 50 675 459 872 301 564 763 559 569 

328 92 200 846 634 624 201 445 517 454 923 

562 148 291 57 131 953 560 418 159 374 

394 543 679 604 298 119 444 699 59 140 22 

438 218 745 143 844 956 661 

714 277 824 

612 158 81 106 971 628 130 

285 356 472 393 967 518 34 736 886 

40 282 703 880 821 150 493 610 524 498 

996 

513 481 74 313 616 876 172 698 462 705 678 461 

725 249 945 20 46 689 138 905 946 368 52 183 

473 109 77 424 90 395 728 65 186 371 

321 353 983 499 405 548 900 1000 410 

