numero di veicoli usati: 114
costo totale: 162211

723 920 545 778 150 821 8 491 367 83 

533 411 34 912 720 126 102 871 227 828 433 

857 341 681 948 690 887 408 866 729 413 970 711 

160 944 422 401 178 350 812 614 845 258 

563 911 922 736 61 744 62 53 2 265 541 886 116 

208 149 303 671 978 851 134 345 936 739 409 358 

412 974 972 331 103 553 789 816 124 537 612 

106 158 538 579 571 713 185 431 606 256 

4 9 89 18 105 97 666 125 954 404 

652 958 505 142 516 317 823 39 510 

862 567 71 161 850 174 586 463 811 46 138 905 329 

813 840 522 906 518 315 688 474 472 356 945 

577 249 689 298 119 297 695 383 129 284 943 999 

153 680 818 938 910 27 189 946 225 

183 882 91 

535 81 385 

662 674 196 465 927 509 222 502 820 406 786 

543 246 600 870 352 389 603 926 667 

815 287 772 

800 511 382 822 459 830 635 247 113 452 448 966 

95 834 557 381 215 630 80 236 264 642 805 878 

257 121 320 301 536 347 500 271 750 310 

615 923 211 907 428 903 872 842 675 50 460 

616 313 795 991 709 372 172 569 773 

997 267 837 223 568 

277 964 804 749 596 429 475 235 682 127 351 852 

115 743 427 552 

6 973 636 19 43 

278 47 461 678 705 415 627 559 698 462 122 

403 79 489 490 669 49 664 731 375 701 

355 808 984 244 497 935 484 653 975 765 434 82 988 

914 362 969 213 863 248 637 276 279 963 

985 32 633 262 63 366 632 192 929 136 25 410 398 

234 416 895 672 894 641 532 338 114 876 74 481 

425 226 332 

294 504 343 756 230 241 128 668 499 353 405 

388 760 272 983 212 618 859 791 540 

856 758 5 1000 900 644 548 306 169 741 

312 207 670 193 263 646 565 402 3 660 

69 41 726 801 466 987 31 881 221 

109 679 869 274 390 977 30 884 774 715 

305 198 64 594 503 799 98 399 156 

573 613 947 286 824 

890 651 721 253 299 449 546 759 296 468 595 

982 707 111 551 94 877 587 787 839 853 447 292 

470 182 93 14 139 754 700 184 108 232 

204 825 270 483 195 769 135 889 724 379 525 665 

450 622 179 419 608 361 858 835 288 727 432 384 

175 144 373 692 133 913 539 290 868 154 370 827 205 

76 467 333 639 229 88 875 706 716 203 693 762 601 

957 806 710 318 831 961 58 242 323 164 

73 309 11 602 377 942 843 891 507 753 

340 931 151 998 163 26 137 173 

167 542 952 619 446 396 733 15 928 469 162 992 

722 718 802 326 334 414 100 645 531 607 177 54 

529 514 746 37 35 932 832 171 146 696 780 

874 259 319 145 631 730 659 110 42 803 165 691 

989 479 437 719 582 300 965 740 677 921 917 

814 324 421 369 261 697 838 386 909 901 792 

29 112 157 829 950 423 85 554 233 534 738 611 

194 84 867 779 908 508 757 101 392 453 860 283 

826 330 657 768 117 523 629 250 435 107 734 

848 976 458 591 798 51 141 770 314 807 883 

717 273 598 556 239 220 55 647 99 599 755 

854 783 640 339 457 748 325 735 

70 496 166 515 307 687 617 231 

190 708 

937 181 407 

581 784 888 

38 949 767 214 197 589 

322 316 90 

648 879 454 48 328 764 12 

254 152 

285 393 967 

380 44 17 20 

819 986 918 

66 33 209 

766 930 

456 

981 782 

478 477 

896 517 445 201 624 634 846 200 92 426 344 683 501 

224 776 

777 564 360 763 

36 321 348 327 686 243 357 520 941 

781 880 703 626 

623 228 861 847 916 585 87 836 

893 

663 561 438 742 934 75 865 269 752 400 237 176 

120 293 955 430 550 994 

849 482 625 990 584 60 809 993 864 790 280 

364 170 570 16 436 387 240 216 349 219 492 

451 578 346 443 7 206 605 

785 187 68 575 302 180 295 45 797 363 

336 995 892 694 951 566 21 737 

308 562 148 159 418 953 560 513 374 714 

488 979 291 57 131 593 604 919 96 275 378 311 

924 576 676 337 72 588 885 609 

442 359 544 915 898 191 712 661 498 

268 980 210 574 118 897 202 547 

485 252 86 621 251 455 788 555 342 558 549 685 67 

439 476 354 526 925 397 512 440 939 123 528 

655 940 841 580 304 480 684 104 132 24 217 

238 597 506 471 260 

28 775 188 527 245 793 747 147 962 486 494 

1 704 10 255 289 899 572 487 650 959 620 751 

524 23 610 902 493 282 441 40 394 

968 643 143 186 728 519 65 395 424 417 77 473 

13 656 771 761 168 592 281 391 464 658 78 

590 702 420 495 649 673 56 833 810 960 638 

155 873 199 583 796 365 521 996 

266 817 376 794 855 904 725 971 628 130 

218 371 745 844 956 732 

699 335 933 52 368 654 530 444 59 140 22 

