numero di veicoli usati: 116
costo totale: 149503

922 736 34 912 46 680 153 811 

79 664 49 489 490 16 669 731 375 701 436 387 

711 403 970 729 413 866 887 408 690 812 614 845 

571 681 948 91 96 378 275 865 75 713 185 

937 181 407 102 934 720 126 265 2 53 62 

652 823 258 317 958 505 142 516 341 

815 658 771 168 592 464 

656 978 851 134 409 358 

380 44 4 17 9 89 18 105 522 

570 350 882 400 752 269 97 919 

285 356 472 393 967 474 688 315 518 

364 492 219 170 240 216 349 178 237 176 

789 553 103 331 972 974 422 944 401 579 538 

725 612 761 936 739 281 391 

597 287 772 506 626 471 260 

914 362 621 969 213 251 455 252 86 485 

981 125 954 404 39 782 256 857 510 

581 933 52 335 368 654 918 530 444 699 59 

130 904 855 13 78 794 971 628 376 817 

577 533 329 249 945 20 689 138 905 140 

384 853 432 727 288 835 858 361 839 608 994 447 

722 718 326 334 100 414 430 802 550 

108 182 470 93 754 700 889 379 525 

957 787 806 710 318 831 961 587 58 290 

175 144 373 692 133 913 539 891 892 

184 139 955 14 645 135 724 791 

35 825 932 868 154 370 827 832 270 171 146 

194 84 867 779 908 595 468 847 916 

638 72 573 337 613 947 588 439 751 

982 707 111 551 94 843 942 885 609 507 

76 631 467 333 203 716 706 875 693 762 601 232 

212 859 324 421 396 733 15 73 741 469 

582 479 437 719 204 37 292 696 205 746 514 

780 529 300 965 740 677 921 989 917 

941 32 520 357 686 243 327 348 

386 909 639 229 730 88 659 110 42 874 

164 323 242 419 179 622 450 877 753 

306 294 504 766 343 930 756 241 230 169 

38 633 262 63 618 

336 508 254 152 112 157 29 220 55 883 

167 293 542 928 952 619 446 757 101 392 453 860 283 221 

309 890 11 721 253 651 554 233 881 650 

963 726 801 987 466 279 31 276 41 

931 173 151 137 998 163 26 665 340 

299 449 602 546 759 377 296 995 

792 901 259 319 145 803 165 128 691 668 

435 250 629 330 

774 478 410 5 477 398 

660 3 402 456 565 193 670 646 263 207 

388 760 272 321 353 983 499 405 548 

985 884 305 30 136 900 644 25 1000 

997 87 585 365 120 583 

836 69 694 796 951 673 735 

266 

54 483 531 607 177 195 769 540 

924 155 312 702 576 676 

482 625 990 584 60 809 993 864 790 280 43 

363 797 45 68 575 295 180 302 187 19 

28 775 973 188 527 245 793 636 147 747 

115 962 486 743 440 512 397 939 123 

849 476 788 528 494 354 555 342 558 549 552 

451 605 578 346 443 7 206 427 67 685 

611 940 534 738 807 314 770 

655 976 458 798 51 591 141 239 637 848 647 

6 268 980 210 574 118 897 202 547 

873 

960 810 620 959 841 580 304 480 684 833 56 

487 255 899 289 950 423 85 863 826 

228 829 572 117 768 657 248 

599 755 704 99 10 649 556 598 273 717 

535 303 226 671 124 816 160 606 

854 783 640 861 339 457 748 325 

383 695 297 

106 158 61 744 911 433 567 161 71 862 

785 267 837 104 132 925 526 223 24 217 568 

734 107 523 566 21 

623 776 162 992 

208 425 149 332 345 412 431 666 

231 1 70 496 166 515 307 687 617 

238 81 385 537 189 174 225 946 

536 257 121 966 635 247 113 452 448 367 347 83 500 

301 777 564 320 360 763 641 805 878 

95 834 557 381 271 215 630 80 236 264 750 642 310 

406 820 502 222 927 509 465 196 674 871 662 

316 678 461 47 560 418 159 513 

328 92 200 846 634 624 201 445 517 454 

764 879 501 683 344 426 799 594 503 399 98 82 156 

382 784 708 460 852 428 907 

190 842 50 675 822 459 830 872 903 

532 33 209 709 991 372 894 672 416 374 

351 127 682 475 235 596 749 429 

977 390 352 600 870 786 274 869 

616 313 481 74 876 795 114 338 895 284 234 

984 896 244 497 48 935 484 653 975 434 765 

369 261 838 697 814 

562 148 291 57 131 593 953 524 

648 949 197 767 214 198 64 589 

632 366 192 12 929 

122 705 462 698 559 172 569 603 

415 322 627 773 389 

850 493 

411 563 986 938 818 910 27 

116 813 840 463 586 906 541 886 

473 109 77 417 424 90 395 519 728 65 186 

902 543 679 604 742 781 880 703 

488 800 211 359 442 804 715 888 923 355 

394 441 40 282 298 119 610 23 

66 545 778 129 8 491 821 150 

590 495 420 737 

856 758 521 996 

544 278 511 308 191 712 898 979 915 732 

224 199 

615 667 808 926 964 988 277 286 824 

968 745 218 371 643 143 844 956 661 

819 999 246 943 723 920 227 828 

183 36 663 714 561 498 438 22 311 893 

