numero di veicoli usati: 104
costo totale: 145132

819 999 246 943 723 920 227 850 828 433 567 161 71 862 

164 323 242 419 179 622 450 193 646 

941 32 520 686 243 327 348 900 1000 

982 58 961 710 318 831 587 290 3 

175 144 373 692 133 913 539 891 892 

836 69 566 796 702 199 737 873 576 

301 777 564 360 271 215 630 750 642 310 

194 84 867 779 908 595 468 847 916 41 

70 496 534 738 807 314 863 248 826 694 87 

722 718 334 414 100 802 430 853 447 677 

184 139 14 645 754 955 326 550 756 

479 437 719 37 292 696 205 514 504 

655 976 458 798 51 446 396 733 741 469 951 590 

611 940 770 141 239 220 55 883 637 848 647 99 

38 633 262 63 618 632 366 192 12 929 

336 508 254 152 112 157 29 757 101 392 453 860 283 221 

167 542 952 377 296 995 759 546 449 299 11 

924 155 224 312 311 893 266 

388 931 151 137 998 163 26 665 340 

660 825 868 827 35 746 

563 986 938 818 27 189 153 946 52 

116 813 840 463 586 906 541 886 174 522 811 

487 255 899 289 572 950 423 85 554 233 881 650 591 

638 1 166 515 307 687 617 231 676 

79 664 49 489 490 16 669 731 375 701 436 387 

394 441 282 119 703 297 695 491 610 23 

415 322 627 320 763 894 672 172 569 

406 820 502 222 927 509 465 674 662 977 643 

364 492 219 170 178 237 176 125 

937 181 407 102 934 720 126 912 922 911 411 689 

593 481 74 876 795 196 871 352 390 

616 313 557 381 834 95 264 80 236 641 805 878 

351 127 682 475 235 596 749 429 544 488 

562 148 291 57 131 953 560 418 159 374 

473 109 77 600 870 786 274 869 417 519 

902 543 679 604 742 781 493 561 663 

615 667 808 926 964 277 824 

984 896 244 497 48 935 484 653 975 434 765 

979 784 708 460 852 428 907 

278 511 308 191 712 898 915 732 

581 533 329 945 20 46 138 905 225 368 

981 954 39 782 256 857 510 

66 545 778 129 8 821 150 383 880 438 

800 211 359 442 804 715 888 923 355 

122 705 316 461 47 773 389 603 

328 92 200 846 634 624 201 445 517 454 

988 879 501 683 344 426 799 594 503 399 98 82 156 764 

36 714 143 844 956 661 

571 681 948 91 96 378 341 606 404 

482 625 990 584 60 809 993 864 790 280 43 494 

28 775 973 188 527 245 793 636 147 747 

856 884 305 30 644 25 

997 585 365 120 521 996 

115 962 486 743 440 512 427 67 685 

6 268 980 210 574 118 897 202 547 

451 578 346 443 7 206 

380 44 4 17 9 89 18 105 97 919 666 

532 33 209 709 991 372 698 462 678 

208 425 149 332 345 409 936 739 78 817 

745 218 371 424 90 395 728 65 186 968 

914 362 621 969 213 251 455 252 86 485 

130 106 81 385 537 124 816 412 160 

402 456 565 670 263 207 

711 403 970 729 413 866 887 408 812 614 845 317 

577 736 34 61 744 265 2 53 62 910 680 

933 335 654 918 530 444 699 59 140 22 

293 629 829 523 117 768 657 330 250 435 162 495 

849 476 788 555 354 342 558 549 552 

605 837 925 526 223 24 217 568 

815 658 656 771 761 168 592 281 391 

535 303 226 671 978 851 134 358 464 

183 158 579 240 216 349 690 269 865 

652 823 258 958 505 142 516 

72 573 337 613 947 588 439 751 

570 350 882 400 752 275 75 713 185 431 

785 267 68 575 295 180 302 187 19 104 132 

285 356 472 393 967 474 688 315 518 249 

725 904 855 13 794 971 628 376 

789 553 103 331 972 974 422 944 401 538 612 

960 810 620 959 841 580 304 480 684 833 56 

536 257 121 966 635 247 113 452 448 367 347 83 500 

758 774 478 410 5 477 398 

54 483 531 889 700 724 525 791 

108 182 379 177 769 607 135 195 145 909 901 

498 524 40 298 559 114 338 895 416 284 234 513 

932 384 432 727 288 835 858 361 839 608 994 204 

760 470 93 203 716 706 875 693 762 601 232 173 

386 792 357 259 319 803 165 128 691 668 874 272 

599 755 704 10 649 556 598 273 717 420 

309 890 602 721 253 651 619 15 73 928 

76 631 467 333 639 229 730 88 659 110 42 

190 842 50 675 822 459 830 872 903 382 

957 787 806 154 370 832 270 171 146 582 965 

212 859 324 421 369 261 838 697 814 

363 45 797 397 939 123 528 

780 529 300 740 921 989 917 540 

623 734 228 107 776 992 21 583 

854 783 640 861 339 457 748 325 673 735 

648 949 197 767 214 198 64 589 286 

238 597 287 772 506 626 471 260 

985 136 321 353 983 499 405 548 

963 726 801 987 466 279 31 276 

507 707 111 551 94 843 942 885 609 877 753 

306 294 766 343 930 241 230 169 

