numero di veicoli usati: 92
costo totale: 145231

603 209 465 927 509 222 502 820 143 643 

153 680 986 818 938 27 189 59 140 561 663 

404 75 882 970 413 729 866 408 887 690 269 681 

628 971 385 944 422 401 178 350 812 614 845 275 

660 3 402 456 565 670 646 263 207 365 

535 226 671 978 851 134 345 936 208 409 358 592 612 

933 52 368 505 142 516 958 317 258 125 311 

815 168 149 303 538 579 160 855 794 130 

36 22 335 654 918 956 661 714 

238 597 287 772 506 626 471 260 

910 911 922 61 744 62 53 912 736 46 138 905 699 

285 356 472 393 967 474 688 315 518 945 577 

819 246 567 71 161 850 383 297 723 920 943 999 

979 784 708 460 852 560 159 148 562 844 

725 81 158 571 948 713 185 431 606 39 

257 121 320 763 991 672 805 284 234 418 374 

278 511 382 822 459 830 635 247 113 452 448 966 

95 834 557 381 271 215 630 80 236 264 642 416 878 

301 777 564 360 536 347 367 500 83 709 

926 800 211 359 907 903 872 842 675 50 428 

773 322 559 795 894 372 172 569 461 

190 235 596 749 429 475 682 127 351 804 964 

873 458 487 950 423 85 554 233 738 807 611 515 

785 363 797 68 575 187 19 132 925 217 

712 308 316 47 389 678 705 415 627 698 462 122 

711 403 79 489 16 49 664 731 375 701 954 

442 984 244 497 48 935 484 653 975 434 765 988 

224 312 199 737 583 566 951 796 694 21 702 590 

38 633 63 859 618 632 366 192 929 

543 679 600 870 786 274 869 390 977 968 

656 425 332 739 761 771 658 78 817 

996 766 930 241 691 128 668 499 405 548 

388 760 272 324 212 262 12 900 25 1000 410 398 

957 806 710 318 831 961 58 242 323 164 

856 758 774 478 5 477 824 

355 808 715 888 915 732 544 923 667 615 

733 651 721 253 299 449 546 759 296 468 279 

982 707 111 551 94 877 587 787 839 853 447 292 

232 182 93 470 108 184 139 754 889 54 

204 825 932 483 177 607 135 724 379 525 163 26 665 

450 622 179 419 608 361 858 835 288 727 432 384 

175 373 692 133 913 891 539 290 868 154 370 827 205 

76 467 333 639 229 88 875 706 716 203 693 762 601 

985 884 305 30 644 507 892 144 

336 890 11 602 377 942 885 609 843 753 193 

340 931 151 998 137 173 230 169 540 

623 228 776 469 741 15 928 73 120 

722 718 326 334 414 100 645 531 769 195 791 504 

529 514 746 37 35 832 171 146 696 780 756 343 

909 259 319 145 631 730 659 110 42 803 165 874 

989 479 437 719 582 300 965 740 677 921 917 

136 32 814 421 369 261 697 838 386 901 792 348 

337 861 339 457 748 325 220 239 976 637 755 155 

194 84 867 779 908 508 757 101 392 453 860 283 

836 69 254 152 112 157 768 330 250 826 248 107 734 

576 99 647 848 798 591 141 770 314 55 883 924 

573 72 613 649 556 598 273 599 495 

106 412 974 972 331 103 553 789 816 124 537 904 

676 1 70 496 166 307 717 687 617 231 638 

131 593 616 74 196 674 662 871 406 352 417 473 

28 775 973 188 527 245 793 636 147 747 

648 949 197 767 214 198 64 589 286 

277 879 454 328 799 594 503 399 98 82 156 764 

704 10 863 657 117 629 29 221 992 

745 109 298 781 493 282 40 524 530 444 

380 44 4 17 9 89 18 105 97 919 666 329 

896 517 445 201 624 634 846 200 92 426 344 683 501 

371 186 65 395 90 953 57 291 191 898 488 

321 353 983 327 686 243 357 520 941 

441 545 778 129 150 821 8 491 695 227 828 433 862 498 

521 293 542 952 619 396 446 847 916 31 276 41 

341 91 96 378 865 752 400 570 237 176 256 

306 294 700 14 955 430 802 550 994 270 

849 482 625 990 584 60 809 993 864 790 43 280 

857 364 170 240 490 669 436 387 216 349 219 492 

115 486 743 962 354 555 788 342 558 476 549 443 605 

735 56 833 960 620 810 304 302 180 295 45 104 24 

751 947 588 

937 181 407 102 934 720 126 2 265 34 541 586 840 

981 652 823 782 510 893 183 

167 309 995 595 987 466 801 726 963 

6 268 980 210 574 118 897 202 547 

997 585 451 346 7 206 427 67 552 

267 837 526 223 397 512 440 939 123 528 

914 362 621 969 213 673 854 640 783 439 

581 946 811 463 20 563 411 689 225 249 533 

655 940 534 959 841 580 480 684 568 494 685 578 

87 162 435 523 829 255 289 899 572 881 650 51 420 

116 813 522 906 174 886 604 742 880 703 394 438 

23 610 119 902 77 424 519 728 218 

266 485 252 86 251 455 391 281 464 13 376 

66 33 750 310 532 641 895 338 114 876 313 481 513 

