numero di veicoli usati: 94
costo totale: 148770

403 731 489 16 669 490 49 664 79 570 176 

267 625 280 790 993 990 397 123 528 

958 865 882 400 350 690 408 387 436 375 701 

800 211 313 876 795 114 338 532 641 895 416 878 661 

957 831 710 806 787 858 835 288 384 270 35 

751 735 56 684 580 480 304 302 180 295 797 363 

904 816 412 944 972 170 178 237 812 614 845 752 

106 81 385 158 75 96 948 185 431 606 954 

115 962 486 743 440 939 584 60 809 864 43 482 

805 33 209 310 642 264 630 80 236 709 

108 182 14 955 100 430 802 550 722 414 334 

371 186 424 869 870 274 390 977 593 643 

232 601 762 693 706 716 203 93 470 184 700 724 525 

317 571 91 269 887 866 729 413 970 711 681 

989 479 746 205 292 483 531 607 177 769 195 791 696 

678 322 763 372 991 894 672 172 569 773 

306 718 326 727 432 853 608 361 839 994 447 370 

28 775 973 188 527 245 793 636 147 747 

786 820 502 222 927 509 95 271 750 74 481 616 

76 467 333 639 229 730 110 659 88 875 803 874 

535 226 851 538 240 216 349 219 492 364 

175 877 58 318 961 587 242 323 164 290 

937 181 407 126 934 720 275 378 713 341 258 

984 896 48 624 846 328 804 715 964 

785 45 68 575 187 19 512 494 558 

988 879 501 683 344 426 799 594 503 399 98 82 156 764 

217 24 837 104 132 925 526 223 568 7 443 

726 987 466 801 670 646 263 207 

544 784 351 429 749 596 235 475 682 127 

615 667 808 442 454 517 445 201 634 200 92 277 

190 842 675 50 822 459 830 872 903 191 712 

849 354 555 788 342 476 552 549 685 578 

301 777 557 381 834 215 500 367 448 536 564 

936 425 332 789 553 103 331 974 422 401 579 160 725 

952 619 446 651 253 11 299 916 31 279 276 41 

194 84 867 779 908 595 847 468 546 602 449 

540 825 932 54 135 889 645 754 139 379 665 

488 278 511 244 497 935 484 653 975 434 765 355 

573 861 457 325 314 807 738 534 554 576 924 

23 543 679 778 129 150 821 8 491 227 161 567 

529 437 719 868 154 827 832 171 146 37 740 

257 121 320 360 966 635 247 113 452 347 83 603 

294 272 691 165 386 838 697 261 369 421 324 

581 444 473 728 47 389 898 979 

766 343 930 756 241 230 169 660 3 402 

926 359 708 460 852 428 907 382 462 705 122 

760 901 909 259 319 145 631 42 128 668 792 357 774 

308 461 316 415 627 698 559 284 234 513 374 

648 949 197 767 214 198 64 589 286 

940 650 572 289 899 85 959 841 810 620 960 833 

38 633 212 859 618 63 262 192 12 

758 478 5 477 824 

380 44 4 17 9 105 18 97 919 666 125 311 

285 89 393 967 744 61 818 938 680 563 946 699 

981 505 142 516 823 652 39 404 

336 508 254 152 829 768 487 881 233 423 950 255 

439 854 783 640 339 748 673 72 638 

617 687 307 599 10 647 248 826 162 992 

986 911 922 736 34 912 62 53 2 102 265 910 

293 73 283 453 860 757 101 392 112 157 29 221 951 

130 628 971 605 206 427 67 346 451 

873 755 704 883 55 220 51 330 629 435 155 

109 600 406 662 674 196 465 871 352 519 

144 707 111 551 94 843 942 885 609 204 514 780 

6 268 980 210 574 118 897 202 547 

655 976 239 611 770 141 863 657 117 523 250 107 

819 246 999 906 586 189 411 518 315 688 474 472 356 

66 297 850 71 862 541 463 27 153 530 

231 1 70 496 166 515 848 637 458 591 798 99 

173 151 137 998 163 26 677 921 504 

485 362 287 772 626 358 134 978 671 303 124 537 612 

623 228 734 776 796 120 996 

238 471 260 739 409 345 149 208 761 

997 69 598 556 649 273 717 495 420 590 

714 956 745 218 59 140 22 183 

985 136 321 348 327 243 686 941 410 398 

844 562 148 159 418 953 560 131 57 291 143 

456 565 917 965 300 582 931 340 388 

524 610 298 545 383 695 723 920 943 828 433 561 

312 702 836 694 469 733 396 741 15 928 542 167 

982 450 179 419 622 539 891 892 507 753 193 

510 256 857 782 656 771 168 592 281 464 78 

335 533 329 138 20 46 811 174 886 522 840 813 116 

36 52 368 654 918 225 905 689 945 249 577 933 

900 32 520 814 366 632 929 25 1000 856 

305 30 884 644 499 983 353 405 548 

663 119 902 604 742 781 282 40 498 

968 65 395 90 417 77 493 880 703 441 394 438 

309 890 721 759 377 995 296 913 133 692 373 963 

676 337 613 947 588 893 

815 658 391 13 855 794 376 817 266 

224 199 737 583 21 566 87 585 365 521 

923 888 915 732 

914 621 969 213 455 251 86 252 506 597 

