numero di veicoli usati: 163
costo totale: 201525

998 989 917 

323 419 622 942 885 609 877 843 753 

324 369 

58 961 710 318 831 450 587 179 290 

175 373 692 133 94 539 891 507 

947 588 439 

740 913 892 

194 908 595 468 847 916 

312 458 141 637 848 647 99 

384 432 727 100 835 288 858 361 839 608 853 

379 754 645 139 955 334 414 326 802 531 

108 182 889 177 607 135 724 195 

259 803 

639 88 659 110 

262 63 618 

702 29 757 101 392 453 860 283 221 

293 542 952 377 296 995 759 546 449 299 11 

556 

868 154 370 827 932 35 

167 651 

199 

435 250 523 829 768 657 330 248 

55 239 770 233 950 423 899 650 591 51 

231 70 496 307 687 

79 664 49 701 436 387 

183 36 218 371 424 90 395 728 186 

532 33 209 709 991 805 

415 777 564 320 

789 400 96 812 614 845 

937 181 407 102 934 720 126 912 922 911 411 

190 842 50 852 

836 69 

896 497 48 

616 313 557 381 236 878 

351 682 475 

745 481 74 876 

406 820 502 222 196 871 662 77 417 519 

328 879 200 846 

322 627 119 610 23 

212 501 683 344 

122 705 316 461 47 

648 949 197 767 214 

784 708 898 

285 736 34 61 744 910 

380 89 393 356 472 688 518 

208 945 20 46 

577 563 986 938 818 18 105 9 

38 600 821 150 129 778 491 695 297 880 

524 40 282 742 781 703 

997 224 

278 511 308 191 712 

638 72 573 337 

800 359 442 888 

581 933 840 463 586 906 541 886 174 522 

441 679 604 8 920 227 850 71 828 943 723 

924 155 

667 808 

979 389 603 

277 429 903 544 488 

477 398 

198 64 445 517 454 964 

923 984 244 935 484 653 975 434 765 988 

615 804 799 594 503 399 286 

981 904 256 444 699 368 52 22 

5 644 589 12 929 

715 915 159 374 968 

663 561 498 438 643 143 844 956 661 

824 355 

893 

402 456 466 279 992 273 717 883 

737 873 576 

39 16 669 731 375 

335 654 142 516 341 606 

782 349 178 237 176 

954 505 275 75 185 431 

925 132 584 60 809 993 864 790 280 512 440 

28 775 188 527 397 939 123 

856 758 774 478 410 1000 25 732 

87 694 796 617 495 420 

104 797 575 526 223 

6 268 973 245 793 636 

676 613 748 427 67 

116 813 315 97 919 666 

394 298 493 153 811 

311 266 

211 926 234 795 114 172 698 462 678 

817 78 134 409 358 

473 109 593 569 559 773 65 

902 543 869 352 870 786 274 390 977 

342 

914 362 621 969 213 251 455 202 

725 971 855 13 816 412 160 612 

941 32 243 272 504 756 241 

963 726 801 987 31 85 554 881 469 

958 887 408 713 317 

819 999 246 265 2 53 62 

533 329 905 225 946 

985 766 565 646 276 263 

66 545 383 433 567 161 862 

884 305 30 136 405 499 348 327 900 

521 365 585 120 996 21 583 590 

751 485 

794 281 391 

640 833 684 580 841 304 863 826 162 951 566 

660 3 193 619 446 396 733 15 741 73 928 41 

130 628 376 

562 148 291 57 131 953 560 418 513 

714 918 530 59 140 

482 625 990 354 555 528 

785 267 837 206 7 443 346 

652 823 882 752 378 

535 303 226 345 851 671 978 936 739 464 

711 403 970 729 413 866 690 269 865 

571 681 948 91 

115 962 486 743 252 

570 350 490 489 216 240 

815 425 149 332 592 

960 810 620 959 

363 45 68 180 494 549 

158 81 385 537 124 

364 492 219 170 

451 605 578 

44 4 17 967 474 189 

258 

106 553 103 331 972 974 422 944 401 579 538 

849 476 788 574 897 210 980 118 547 

680 27 138 689 249 

536 257 121 966 635 247 113 452 448 367 347 83 500 

388 760 151 428 907 

184 470 93 203 716 706 875 693 762 601 232 173 

677 479 437 719 163 26 665 340 

674 927 509 465 

301 360 763 894 895 416 284 

722 718 430 550 994 447 965 

54 483 14 700 525 791 

95 834 271 215 630 80 264 750 642 310 

520 357 686 319 165 128 691 668 874 

611 629 117 598 

529 300 921 540 

957 787 806 769 137 931 

641 672 372 338 

309 890 602 721 253 

76 631 467 333 229 730 42 145 909 901 

460 127 235 749 596 830 872 459 822 675 382 

144 633 632 366 192 

164 242 37 292 696 205 746 514 

386 792 261 421 859 838 697 814 

854 783 861 147 747 

940 534 738 807 295 302 187 19 43 

780 825 832 270 171 146 204 582 

623 734 228 107 776 649 

655 976 798 220 56 

336 508 254 152 112 157 

599 755 704 10 515 325 673 735 

201 634 624 92 426 82 98 156 764 

487 255 289 572 314 480 24 217 568 

1 166 457 339 558 685 552 

238 597 287 772 506 626 471 260 86 

321 353 983 548 

84 867 779 670 207 

982 707 111 551 

306 294 343 930 230 169 

658 656 771 761 168 857 510 404 125 

