numero di veicoli usati: 102
costo totale: 143015

238 597 287 772 506 626 471 260 

321 353 983 499 405 548 

785 267 837 925 526 223 24 217 568 

562 148 481 74 876 795 114 338 895 416 284 878 234 593 

815 658 656 771 761 168 592 281 391 

676 337 613 947 311 893 266 

638 72 573 166 588 439 751 

336 508 254 152 112 157 29 162 495 420 

79 664 49 489 490 16 669 731 375 701 436 387 

115 962 486 743 440 512 397 939 123 494 549 

363 45 68 575 295 180 302 187 19 104 132 

616 313 557 381 271 215 536 448 367 347 83 500 

394 543 298 119 23 77 728 

780 529 300 719 37 292 696 205 746 514 504 

184 139 14 645 889 531 270 171 146 

406 820 502 222 927 509 465 196 674 871 662 

386 792 901 909 259 319 145 803 659 110 42 874 

571 403 711 729 413 866 887 408 812 614 845 269 

482 625 990 584 60 809 993 864 790 280 43 797 

122 777 564 320 635 247 113 452 360 301 569 

984 896 244 497 48 935 484 653 975 434 765 964 

431 350 970 690 570 237 176 612 

36 882 400 752 275 865 75 713 185 317 125 

660 479 437 868 154 370 827 832 932 35 582 965 

175 144 507 551 913 539 885 609 877 290 753 3 

849 476 788 528 555 354 342 558 552 

108 182 470 93 203 716 706 875 693 762 601 232 165 

535 303 226 671 978 851 134 358 464 

819 999 246 886 906 27 189 680 153 811 561 

648 949 197 767 214 198 64 589 286 

678 322 627 559 172 641 310 834 95 698 462 

988 879 501 683 344 426 799 594 503 399 98 82 156 764 

451 605 578 346 443 7 206 427 67 685 

309 890 602 721 253 651 11 299 73 741 469 

800 211 359 442 804 715 888 923 355 

190 842 50 675 822 459 830 872 903 382 

6 268 980 210 574 118 897 202 547 

544 784 708 460 852 428 907 488 

194 84 867 779 908 595 468 847 916 41 

577 533 329 945 20 46 689 138 905 225 946 368 52 

208 425 149 332 345 936 409 739 78 817 

997 585 928 759 377 296 995 546 449 

306 294 740 677 921 989 917 540 

54 483 607 177 769 525 379 173 931 

402 456 565 670 263 207 

982 707 111 94 843 942 891 892 133 692 373 

789 553 103 331 972 974 422 944 401 538 579 

106 158 81 385 537 124 816 412 160 

76 631 467 333 639 229 730 88 128 691 668 272 

957 787 806 710 318 831 587 839 361 858 384 

388 760 151 137 998 163 26 665 340 

646 193 242 419 622 450 179 608 853 994 447 

69 566 796 120 996 

204 825 432 727 288 835 430 802 550 326 334 754 

722 718 414 100 955 700 724 135 195 791 

941 32 520 357 686 243 327 348 900 

985 884 305 30 136 644 25 1000 

705 316 461 47 773 389 603 977 390 643 

415 257 121 966 763 630 80 236 264 750 642 672 

351 127 682 475 235 596 749 429 979 

364 492 219 170 240 216 349 178 606 404 

532 33 209 709 991 372 894 805 513 

655 976 798 117 768 657 863 591 458 637 848 647 99 

66 545 695 491 8 821 150 383 129 778 610 

328 92 200 846 634 624 201 445 517 454 

652 681 948 91 96 378 97 919 666 

902 679 604 742 920 227 828 433 567 161 71 862 663 

924 1 770 807 314 141 239 220 55 883 496 70 

167 293 542 952 619 446 757 101 392 453 860 283 221 951 

963 726 801 987 466 279 31 276 

164 323 961 58 396 733 15 365 521 

745 291 57 131 953 560 418 159 374 

116 813 840 463 586 174 522 

854 783 640 861 339 457 748 325 673 735 

473 109 352 600 870 786 274 869 417 519 

380 44 4 17 89 18 105 9 

28 775 973 188 527 245 793 636 147 747 

285 356 472 393 967 474 688 315 518 249 

487 255 899 289 572 950 423 85 554 233 881 650 51 

611 940 534 738 515 307 687 617 231 

914 362 621 969 213 251 455 252 86 485 

38 633 262 63 618 632 366 192 12 929 

981 823 258 958 505 142 516 341 

183 954 39 782 256 857 510 

212 859 324 421 369 261 838 697 814 

960 810 620 959 841 580 304 480 684 833 56 

922 736 34 61 744 265 2 53 62 912 911 910 

438 524 40 282 781 703 493 441 

581 933 335 654 918 530 444 699 59 22 

856 758 774 478 410 5 477 398 

766 343 930 756 241 230 169 

411 563 986 938 818 541 850 943 723 297 880 498 

155 224 312 702 199 737 873 576 

278 511 308 191 712 898 915 732 

599 755 704 10 649 556 598 273 717 590 

836 734 228 107 776 992 21 583 

130 725 904 855 13 794 971 628 376 

623 435 629 829 523 250 330 248 826 694 87 

937 181 407 102 934 720 126 140 

714 143 844 956 661 

615 667 808 926 277 824 

218 371 424 90 395 65 186 968 

