numero di veicoli usati: 133
costo totale: 177467

783 935 830 

611 940 199 

238 597 287 772 506 626 471 260 

321 353 930 

836 69 796 312 

849 476 555 354 206 67 346 451 

681 948 91 752 570 269 865 378 571 

825 868 

553 103 974 422 944 401 538 579 219 176 

957 323 419 

115 962 486 743 528 788 342 558 549 552 

76 467 197 338 

158 81 385 537 174 225 

482 625 990 584 60 809 864 280 797 180 104 132 

890 602 710 

28 775 973 188 527 245 793 636 147 747 

982 707 111 551 94 

175 84 867 779 670 

638 72 573 337 947 588 383 

155 224 686 198 64 

487 255 289 

722 718 14 

658 656 771 761 168 592 281 391 

529 151 998 

960 810 620 959 841 580 304 480 684 833 

336 508 254 152 112 

997 585 456 894 

711 403 970 413 729 866 887 690 350 237 

535 303 226 671 978 851 134 345 936 739 464 

914 362 621 969 213 251 455 252 86 485 

208 425 149 332 409 358 

479 437 719 644 59 140 

363 45 68 575 397 512 440 939 123 494 685 578 

6 268 980 210 574 118 897 202 547 

108 182 259 156 594 764 434 484 497 244 984 

293 542 279 31 

364 492 882 170 216 240 160 

785 267 837 925 526 223 24 217 568 7 443 605 

623 734 228 996 

231 1 617 687 515 307 458 591 51 248 826 221 

299 546 759 843 877 622 885 892 507 

613 295 993 790 43 

753 290 587 961 318 831 58 609 450 179 242 164 

599 55 220 239 807 314 738 302 187 19 

861 457 141 770 534 56 166 496 70 

144 373 692 133 913 230 169 

776 29 757 392 101 157 629 250 435 

766 595 296 995 916 468 908 194 

717 704 10 649 556 883 637 848 647 99 273 

952 651 899 85 423 572 829 523 330 598 

655 798 657 117 768 950 554 233 881 650 976 755 

283 860 453 721 253 377 449 11 309 741 469 

498 438 732 988 286 

787 806 414 100 430 334 645 889 379 525 26 

384 432 727 802 754 700 531 483 54 791 272 

306 504 921 696 173 691 668 874 243 327 

340 35 154 370 827 832 171 146 37 514 780 

540 677 300 582 746 205 292 326 550 955 232 470 

136 520 421 324 212 632 803 128 901 386 357 941 410 

319 145 601 203 716 706 875 693 762 93 139 184 

343 756 917 965 942 839 361 858 835 288 

402 3 565 193 539 891 608 853 994 447 

665 195 769 177 607 135 724 163 137 931 

548 909 631 333 639 229 730 88 659 110 42 165 

5 814 697 838 261 859 262 633 30 884 

1000 900 405 983 499 348 12 929 192 366 

120 365 167 928 619 446 847 932 270 204 740 989 

87 694 396 863 107 951 566 21 590 

751 854 640 339 748 325 673 735 676 

427 

439 583 702 

241 263 646 207 

924 576 873 737 420 495 992 162 733 15 73 521 

41 276 466 987 801 726 963 

398 

477 25 856 

606 79 49 489 16 669 731 375 701 436 387 

630 236 367 347 83 

39 782 142 516 75 713 185 341 317 258 

106 412 789 331 972 349 178 490 664 958 823 

277 429 448 805 

329 922 744 196 871 

937 181 407 102 934 720 126 265 2 53 62 912 61 

82 98 399 799 634 624 445 903 765 

454 201 517 653 975 846 92 426 344 683 

918 416 284 878 

285 356 393 472 518 34 736 911 374 

652 9 105 18 89 688 315 97 919 666 

818 811 862 

815 816 124 275 408 812 614 845 431 

581 725 335 699 266 

648 879 501 503 

322 627 74 795 876 313 616 643 968 

532 33 209 709 641 114 234 

218 745 143 844 

394 40 282 424 90 371 

473 109 291 131 661 

896 682 475 749 596 235 675 127 382 

559 257 121 80 642 264 750 834 95 310 895 

415 777 320 763 372 991 672 172 

792 369 

388 760 

380 44 4 17 411 563 46 138 905 946 654 

38 949 63 618 589 

819 986 938 910 27 189 680 153 530 444 

981 954 311 893 

66 999 246 920 850 828 161 71 567 433 561 183 

985 32 478 

577 249 945 20 689 533 855 13 78 794 376 817 

660 294 

351 481 222 927 509 465 502 674 662 491 8 129 

406 820 557 381 271 215 500 966 452 113 247 635 

305 

190 842 50 822 459 872 301 564 536 360 

758 774 

278 511 

328 200 48 

316 600 47 

784 708 460 852 428 907 

543 679 604 298 119 

116 813 840 463 586 906 541 886 522 368 52 933 22 

800 211 

36 663 714 

612 857 400 96 628 971 904 130 

519 395 417 77 869 786 274 593 418 159 513 

404 125 505 256 510 

524 902 703 880 545 821 150 493 610 23 

615 667 808 715 888 915 979 544 488 

562 148 57 953 560 603 569 698 462 678 461 

967 474 227 943 723 297 695 778 742 781 441 

956 728 65 870 352 390 977 186 

767 214 773 389 705 122 308 191 898 712 

824 964 804 442 359 926 923 355 

