numero di veicoli usati: 184
costo totale: 208941

722 718 326 334 100 414 802 550 

766 343 930 756 241 230 169 

184 139 955 14 645 754 700 889 791 

164 323 242 419 179 622 892 507 

957 787 806 710 318 831 58 290 

384 853 432 727 288 835 361 839 608 994 447 

108 182 470 93 203 716 706 875 693 762 601 232 

54 483 531 607 177 195 769 135 724 379 525 

707 111 551 94 843 942 609 877 753 

683 344 426 98 82 156 

901 909 259 319 145 803 165 128 691 668 

373 692 133 913 539 916 

846 634 

631 467 333 639 229 730 88 659 110 42 874 

602 546 759 377 43 

495 420 568 

35 825 932 868 154 370 827 832 270 171 146 

151 137 998 163 26 665 340 

357 686 243 327 348 

529 300 965 740 677 921 989 917 540 

479 437 719 204 37 292 696 205 746 514 

767 214 198 64 

321 353 983 499 405 548 

11 721 253 651 233 881 650 

523 56 

63 618 632 366 929 

421 369 261 838 814 

521 996 

112 330 248 826 

456 565 193 670 646 263 207 

136 900 644 25 1000 

410 5 477 398 

947 588 

867 779 908 595 468 392 453 860 283 221 

952 619 446 15 73 741 469 

987 466 279 31 276 41 

702 199 676 

162 883 637 848 647 

435 250 629 807 314 770 239 220 55 

363 797 45 68 575 295 180 302 187 19 

997 87 585 365 120 

482 625 990 584 60 809 993 864 790 280 

933 612 281 

115 962 486 743 440 512 397 939 123 

299 449 296 995 

451 605 578 346 443 7 206 427 67 685 

582 858 

6 268 980 210 574 118 897 202 547 

849 476 788 528 494 354 555 342 558 549 552 

336 508 254 152 157 29 757 101 

175 144 961 587 

194 84 891 

982 450 885 

960 810 620 959 841 580 304 480 684 833 

487 255 899 289 572 950 423 85 554 

725 971 

780 430 

854 783 640 861 339 457 748 325 673 735 

655 976 458 798 51 591 141 273 717 

611 940 534 738 515 307 687 617 

167 293 542 928 847 

231 1 70 496 166 737 873 576 

599 755 704 99 10 649 556 598 

623 734 228 107 776 992 396 733 

785 267 837 104 132 925 526 223 24 217 

28 775 973 188 527 245 793 636 147 747 

309 890 829 117 768 657 863 

941 

914 362 621 969 251 455 252 86 485 

306 294 

924 155 224 590 312 

660 3 402 

985 

856 758 

963 726 801 

836 69 694 796 951 566 21 583 

388 

238 597 287 471 260 358 

638 72 573 337 613 439 751 

488 800 

968 745 893 

615 667 

183 36 663 

79 664 49 489 490 16 669 731 375 

711 403 970 729 413 866 887 408 690 

789 553 103 331 972 974 422 944 401 579 

364 492 219 170 240 216 349 178 237 

570 350 882 400 752 269 865 75 

106 158 81 385 537 124 816 412 160 

535 303 226 671 978 851 134 

208 425 149 345 936 739 409 

922 720 126 

815 658 656 592 464 

116 

571 681 948 91 96 378 275 341 

652 823 258 317 958 505 142 516 

380 44 4 89 18 105 

411 911 

130 

285 356 474 688 315 

581 

981 125 857 

577 533 

222 927 871 662 

966 635 367 347 83 500 

381 271 264 750 642 310 

876 234 

709 991 416 284 805 878 

698 159 513 374 

475 235 

497 48 765 

870 821 383 695 297 

332 701 436 387 

852 

102 934 744 812 614 845 

143 844 956 

945 20 46 689 905 225 946 

393 967 910 713 185 

771 761 168 176 

586 920 227 153 666 

320 360 53 62 

818 906 541 886 522 811 

772 506 626 

912 61 27 431 538 

654 918 530 444 59 140 

119 610 23 524 

781 880 703 493 

39 782 256 

855 13 78 794 376 817 

675 822 

498 438 22 311 

90 395 519 728 65 186 

17 9 919 606 

712 898 979 

804 715 888 

491 850 433 567 161 71 862 

213 

988 277 286 

904 628 

536 257 121 247 113 452 448 

95 834 557 215 630 80 236 

406 820 502 509 465 196 674 

351 127 682 596 749 429 

984 896 244 935 484 653 975 434 

813 840 463 174 

382 784 708 460 428 907 

301 777 564 763 338 895 

808 926 964 824 

532 33 209 372 894 672 641 

415 322 627 462 559 172 569 603 

473 109 77 417 424 661 

328 92 200 624 201 445 517 454 

736 34 518 

38 633 262 192 12 

386 792 

76 

977 390 352 600 786 274 869 

931 173 

648 949 197 589 

122 705 316 678 461 47 773 389 

190 842 50 459 830 872 903 

212 859 324 697 

329 249 138 

563 986 938 189 680 

764 879 501 799 594 503 399 

819 999 246 943 723 828 

66 545 778 129 8 150 

218 371 643 

32 520 

616 313 481 74 795 114 418 

760 272 

937 181 407 265 2 

902 543 679 604 742 

954 404 510 391 

52 335 368 699 

884 305 30 

774 478 

211 359 442 923 355 

562 148 291 57 131 593 953 560 

394 441 40 282 298 266 

504 

472 97 

544 278 511 308 191 915 732 

714 561 

