numero di veicoli usati: 162
costo totale: 192278

482 625 990 584 60 993 864 790 280 43 

279 601 232 

829 523 117 768 657 525 791 

849 476 788 528 494 354 555 342 558 549 552 

996 540 668 874 

363 797 45 68 575 295 180 302 187 19 

951 495 420 566 583 

546 759 877 994 447 

451 605 578 346 443 7 206 427 67 685 

952 619 146 

640 861 339 457 748 325 673 735 

785 267 837 104 132 925 526 223 24 217 568 

960 810 620 959 841 580 304 480 684 833 56 

107 776 162 992 15 73 741 469 

721 253 507 290 

458 798 51 591 141 239 220 55 883 637 848 647 

99 10 649 556 598 273 717 

534 738 807 314 770 863 330 248 826 

899 289 572 950 423 85 554 233 881 650 

908 753 

761 817 

152 112 157 29 101 392 453 860 283 221 

115 962 486 743 440 512 939 123 

28 775 973 188 527 636 147 747 

268 980 210 574 202 547 

496 166 515 307 687 617 514 

969 213 485 

772 506 

588 439 576 676 

301 777 564 320 360 763 641 878 

95 834 557 381 271 215 630 80 236 264 750 642 310 

190 842 50 675 822 459 830 872 903 

820 502 222 927 509 465 196 674 871 662 

616 313 481 74 876 795 114 338 895 416 284 234 

536 257 121 966 635 247 113 452 448 367 347 83 500 

879 501 683 344 426 594 503 399 98 82 156 

92 200 846 634 624 201 445 517 454 

896 244 497 48 935 484 653 975 434 765 

122 705 316 678 461 47 773 389 603 

352 600 870 786 274 869 62 

351 127 682 475 235 596 749 429 

382 784 708 460 852 428 907 

532 33 209 709 991 372 894 672 805 

424 186 

767 214 929 691 

63 618 42 

57 131 593 953 560 418 159 513 374 

298 140 

415 322 627 462 698 559 172 569 297 

8 491 695 811 

723 433 567 161 71 862 

742 946 

623 809 

231 245 793 

725 612 978 851 134 

815 658 345 936 739 

854 397 

819 906 227 

836 69 118 897 

238 626 471 260 

488 800 211 359 442 198 799 

562 632 64 

577 533 124 

963 193 

981 125 782 256 

473 109 90 395 519 

116 20 46 444 

130 855 13 78 794 893 

985 884 261 

66 920 821 

660 930 

394 441 119 610 23 

902 543 781 880 

856 758 900 644 

544 278 511 308 191 712 898 979 915 

997 87 120 521 

388 983 

914 362 251 455 252 

638 72 573 337 613 947 751 

924 155 224 590 312 702 199 737 873 

168 592 

615 667 808 926 964 804 715 888 923 

988 277 286 824 

581 933 52 335 368 654 918 530 

968 745 218 371 643 143 844 956 661 

5 477 

306 243 

183 36 663 714 561 498 438 22 311 

656 771 376 

79 664 49 489 490 16 669 731 375 701 436 387 

711 403 970 729 413 866 887 408 690 812 614 845 

364 492 219 170 240 216 349 178 237 176 

571 681 948 91 96 378 275 713 185 

570 350 882 400 752 269 865 75 606 

652 823 258 317 958 505 142 516 341 431 

106 158 81 385 537 816 412 160 

535 303 226 671 409 358 

937 181 407 102 934 720 126 265 2 53 

922 736 34 912 61 744 911 680 153 

789 553 103 331 972 974 422 944 401 579 538 

208 425 149 332 464 281 391 

411 563 986 938 818 910 27 189 

904 971 628 

813 840 463 586 541 886 174 522 

329 249 945 689 138 905 225 

40 282 699 59 

285 356 472 393 967 474 688 315 518 

6 

380 44 4 17 9 89 18 105 97 919 666 

999 246 943 850 828 

545 778 129 150 383 

597 287 266 

679 604 703 493 

148 291 

954 404 39 857 510 

406 524 

77 417 728 

621 86 

977 390 65 

35 825 932 868 154 370 827 832 270 171 

722 718 326 334 100 414 430 802 550 

184 139 955 14 645 754 700 889 379 

108 182 470 93 203 716 706 875 693 762 

957 787 806 710 318 831 961 587 58 

384 853 432 727 288 835 858 361 839 608 

982 707 719 204 37 292 696 205 746 

655 976 629 

582 479 437 677 921 230 169 

984 732 

194 84 867 551 94 843 942 885 609 

726 801 987 466 31 276 41 

294 504 766 343 756 241 

54 483 531 607 177 195 769 135 724 

780 529 300 965 740 989 917 

76 631 467 333 639 229 730 88 659 110 

164 323 242 419 179 622 450 

38 633 262 366 192 12 

167 293 542 928 

212 859 324 421 369 838 697 814 

931 173 151 137 998 163 26 665 340 

941 32 520 357 686 327 348 

386 792 901 909 259 319 145 803 165 128 

764 

435 250 254 446 396 733 

487 255 

783 

175 144 373 692 133 913 539 891 892 

299 449 111 377 296 995 

611 940 

309 890 11 779 595 468 847 916 

1 70 

760 272 321 353 499 405 548 

734 228 21 

3 402 456 565 670 646 263 207 

599 755 704 

336 508 602 651 757 

305 30 136 25 1000 

774 478 410 398 

694 796 

585 365 

648 949 197 589 

328 355 

