numero di veicoli usati: 84
costo totale: 209018

237 300 816 261 341 948 585 239 

755 226 145 235 956 248 841 947 152 698 644 82 

781 973 668 888 574 711 904 780 207 160 45 225 332 

374 20 521 764 245 775 80 310 765 299 386 177 222 433 388 

202 728 958 47 807 962 182 15 600 149 676 

527 36 482 634 84 128 328 276 819 793 384 645 686 

549 361 175 301 558 456 489 120 366 887 43 672 208 353 264 

778 56 330 75 646 402 349 163 934 796 81 139 

812 470 906 508 609 719 873 

436 54 879 79 537 523 357 679 16 311 93 260 507 805 105 89 

2 153 68 615 283 752 732 

432 458 977 784 522 626 949 

324 215 637 478 

403 782 614 851 969 653 998 200 847 326 692 834 354 687 979 845 

35 884 882 671 865 959 367 399 925 256 

61 519 348 146 584 312 99 115 118 31 335 731 577 157 

400 26 854 682 347 536 169 939 53 246 185 916 649 221 702 

514 85 594 498 123 966 624 714 497 931 492 46 611 667 293 

344 25 642 930 817 842 150 

532 466 18 

503 968 461 414 708 452 447 

830 529 844 902 975 675 486 976 

506 528 329 334 629 21 315 

633 336 

678 918 124 876 685 465 451 894 701 416 910 952 515 864 912 443 849 404 319 759 302 

591 603 174 724 368 

5 885 147 853 726 989 789 72 815 369 297 621 477 370 490 

898 44 427 254 546 295 365 435 211 534 323 351 395 704 779 617 454 899 

570 487 717 136 813 321 69 980 581 173 616 

863 727 223 294 607 510 693 205 331 655 496 52 700 11 244 259 715 706 381 770 409 

869 773 837 771 562 578 268 788 380 266 920 761 140 216 327 240 

924 547 91 274 926 984 284 831 965 247 688 1 808 287 803 

824 171 485 791 583 396 144 986 725 32 681 785 774 990 392 131 661 592 883 355 190 871 699 13 588 

870 4 411 852 556 65 832 192 30 766 372 410 954 179 439 48 66 

98 389 745 654 213 729 64 662 267 946 

119 423 345 450 107 598 165 

309 210 406 575 203 415 437 219 438 58 843 838 343 204 488 663 

383 252 183 554 421 405 94 983 987 

650 457 935 518 576 201 909 70 846 896 

382 108 442 903 277 943 337 586 431 597 104 

495 34 49 155 134 471 468 772 908 818 

445 942 733 921 

77 1000 749 455 499 164 738 

757 957 530 988 516 953 233 249 

408 88 922 932 143 531 224 861 63 

280 291 539 684 635 601 524 971 623 

550 449 422 963 313 281 914 605 17 121 480 103 481 

12 172 545 712 8 720 999 555 936 641 453 188 265 814 917 

472 420 610 970 376 474 604 

333 713 590 867 513 890 542 900 292 428 680 126 878 282 

826 279 929 338 858 625 9 981 810 238 448 630 218 305 227 744 927 42 

97 665 582 913 141 314 526 441 511 

473 804 829 911 613 540 891 397 535 

589 835 110 520 569 320 995 375 469 286 982 

356 823 967 417 739 639 798 743 901 660 573 

833 138 363 821 622 606 777 285 

346 50 565 180 462 937 426 307 251 915 401 

659 801 822 877 760 137 181 608 10 892 753 217 

170 296 111 640 38 258 95 572 951 278 253 206 250 23 794 

792 993 298 670 322 543 756 723 430 325 

651 342 73 350 827 352 67 78 96 746 652 491 187 960 390 184 494 907 

308 859 189 587 14 862 881 

460 419 730 364 991 820 117 500 479 178 874 242 434 735 463 133 840 

561 62 229 459 786 257 214 116 806 716 997 

504 41 37 656 944 945 

689 566 889 86 339 132 475 825 413 669 512 501 262 148 541 800 195 

241 718 905 391 647 255 758 76 811 398 220 

509 394 130 580 230 359 722 303 446 697 106 269 385 159 362 

673 379 197 776 236 559 28 783 964 836 974 769 

387 767 318 674 602 271 690 19 560 579 

872 194 648 

886 525 736 848 505 270 40 593 168 

533 748 709 

484 992 275 985 721 677 29 658 493 273 768 787 158 151 407 620 643 933 553 

429 234 857 809 856 209 941 444 127 371 

393 166 599 875 176 638 59 631 955 135 897 893 74 683 636 231 691 

57 895 167 763 162 340 71 24 750 741 360 358 198 517 734 317 112 

7 212 109 483 978 156 619 92 790 193 632 996 938 186 928 737 22 950 568 39 710 304 154 6 113 

707 664 762 288 703 972 232 83 125 799 263 51 868 412 

551 855 839 961 199 129 33 802 502 695 754 467 87 418 464 747 657 377 378 

196 923 373 191 742 548 795 880 290 866 90 425 612 571 101 

27 850 694 552 3 705 243 55 860 595 544 161 828 440 272 564 100 618 

538 563 666 994 627 424 316 228 557 306 289 122 696 60 476 740 102 

142 567 940 596 797 628 919 114 751 

