numero di veicoli usati: 63
costo totale: 176519

689 566 889 86 339 132 475 825 413 669 512 106 

460 419 730 364 991 820 117 

561 62 229 459 786 257 462 76 429 

826 279 929 338 858 625 9 981 

170 296 111 590 867 513 890 236 559 542 900 292 

589 835 569 320 995 375 286 982 870 4 411 852 556 514 85 594 

308 189 582 141 314 526 511 28 783 964 

659 801 822 877 760 137 181 10 892 753 217 707 664 762 288 703 972 232 83 799 263 226 

859 718 905 391 647 937 255 758 811 398 915 57 234 162 340 71 24 750 754 695 467 

673 379 197 776 640 38 258 95 572 951 278 253 206 250 857 809 856 209 941 444 127 371 888 

651 342 73 350 827 352 67 78 96 746 652 491 

98 119 946 543 756 723 570 487 717 136 813 321 69 980 778 56 36 

472 420 610 291 539 684 970 376 635 601 524 971 623 103 481 886 525 736 848 505 270 40 593 168 506 

346 50 565 587 14 862 881 

509 394 130 580 230 359 722 303 446 430 325 748 709 633 336 2 153 527 

445 942 733 798 743 901 660 573 591 603 368 68 615 

180 41 37 656 214 116 806 33 802 360 87 51 145 235 956 207 160 45 225 

403 374 20 521 764 958 478 

985 721 677 29 658 493 273 787 158 151 407 620 643 933 553 18 447 

274 926 984 284 831 965 247 688 1 808 287 803 

994 627 424 316 595 544 161 418 464 747 657 377 112 458 977 508 609 719 82 873 

138 363 821 622 606 7 212 109 483 978 156 619 92 790 632 996 938 186 928 737 22 950 568 39 710 304 154 6 113 784 522 626 

792 993 110 670 322 520 469 697 501 262 148 541 800 245 775 574 711 904 780 765 299 386 177 222 433 388 

176 638 59 631 955 135 897 893 74 25 642 949 

528 329 968 461 414 708 452 

174 724 330 482 634 84 128 328 529 844 902 975 675 486 976 

503 830 324 215 637 

716 839 961 552 3 705 243 55 860 502 741 358 198 868 412 517 734 317 248 841 947 152 698 644 

662 267 908 818 824 171 485 791 583 396 144 986 581 173 616 75 646 402 349 276 163 934 819 793 384 645 686 

241 833 608 426 307 251 895 167 763 199 129 300 816 261 341 948 

390 184 494 907 600 149 676 

550 449 422 963 313 914 605 17 121 480 484 992 275 768 683 636 231 691 334 629 21 315 

474 604 285 987 27 694 538 196 923 373 191 742 548 795 880 290 344 571 101 

382 108 442 903 504 277 943 337 777 944 551 855 850 563 666 193 306 289 122 696 740 102 

680 61 519 348 146 584 312 80 99 310 115 118 31 335 731 577 157 

383 252 183 554 421 405 94 983 586 431 597 104 393 166 599 875 228 557 532 466 930 817 842 150 

713 665 913 281 

650 457 107 598 165 863 727 223 294 607 510 693 205 331 655 496 52 700 11 244 259 715 706 770 477 

280 921 387 823 967 602 

77 1000 749 455 499 164 738 896 898 44 427 254 546 295 365 435 211 534 323 351 395 704 779 617 454 899 

757 957 345 530 450 988 516 953 726 989 789 72 815 369 297 621 370 759 302 

12 172 545 712 8 720 999 555 936 641 453 188 265 814 917 663 91 268 788 240 752 

408 88 922 932 143 531 224 861 63 846 204 488 924 547 837 869 773 562 578 283 

309 210 406 575 203 415 437 219 438 58 843 838 343 771 380 266 920 761 140 216 327 

356 298 417 739 639 271 690 19 560 

935 518 576 201 909 70 678 918 124 876 685 465 451 894 701 416 910 952 515 409 

495 34 49 155 134 471 468 772 233 5 885 147 853 32 681 785 912 443 849 404 319 490 

97 333 473 804 829 911 613 540 441 

767 318 674 

389 423 745 654 213 729 64 249 579 533 

498 123 966 624 714 497 931 492 46 611 667 293 

836 974 769 23 940 125 100 618 378 812 470 906 367 399 925 256 

500 479 178 874 242 434 735 463 133 840 549 361 175 301 558 456 489 120 366 887 43 672 208 353 264 

774 990 392 131 661 592 883 355 190 871 699 13 588 

864 381 732 

535 220 828 440 272 564 60 476 

187 960 400 26 854 682 347 536 169 939 53 246 185 916 649 221 702 

725 65 832 192 30 766 372 410 954 179 439 48 66 796 81 139 

945 997 866 90 425 612 

269 385 159 362 195 436 54 879 79 537 523 357 679 16 311 93 260 507 805 105 89 

428 126 878 282 794 596 797 628 919 114 751 432 237 47 807 962 182 15 585 239 332 

891 397 401 142 567 872 194 648 781 973 668 755 202 728 35 884 882 671 865 959 

810 238 448 630 218 305 227 744 927 42 782 614 851 969 653 998 200 847 326 692 834 354 687 979 845 

