numero di veicoli usati: 76
costo totale: 201709

633 527 36 912 297 621 770 477 370 409 759 302 

347 536 169 939 53 246 185 916 649 221 702 

998 200 577 157 

456 489 120 208 353 264 

174 321 69 581 173 616 75 646 402 349 276 163 934 819 793 384 645 686 

336 153 351 259 715 706 381 443 849 404 319 490 

2 68 395 704 779 617 454 899 

284 831 965 247 688 1 808 287 803 18 

537 523 357 679 16 311 93 260 507 805 105 89 

168 506 528 329 968 414 708 629 21 315 

85 594 498 123 966 624 714 497 931 492 46 611 667 293 

368 774 990 392 131 661 592 883 355 190 871 699 13 588 

724 980 832 192 30 766 372 410 954 179 439 48 66 796 81 139 

788 380 266 920 761 140 216 327 240 283 752 732 

615 503 830 324 215 637 452 447 

778 56 330 482 634 84 128 328 529 844 902 975 675 486 976 

959 600 149 676 

478 

403 782 361 175 301 558 366 887 43 672 

762 288 703 972 232 83 125 799 263 226 145 235 956 207 160 45 225 332 

373 191 742 860 595 544 161 828 440 272 564 100 618 378 642 

23 794 940 596 797 628 919 114 464 112 458 977 508 609 719 82 873 

907 614 851 969 653 847 326 692 834 354 687 979 845 

857 809 856 209 941 444 127 371 888 574 711 904 780 765 299 386 177 222 433 388 

996 938 186 928 737 22 950 568 39 710 304 154 6 113 784 522 626 949 

872 194 648 781 973 668 755 751 432 237 300 816 261 341 948 585 239 

374 20 521 764 245 775 958 47 807 962 182 15 

59 631 228 557 306 289 122 696 60 476 740 102 532 466 930 817 842 150 

33 802 502 695 754 467 360 87 418 747 657 377 812 470 906 367 399 925 256 

567 71 24 750 741 358 198 51 868 412 517 734 317 248 841 947 152 698 644 

878 282 61 519 348 146 584 312 80 99 310 115 118 31 335 731 

424 316 548 795 880 290 866 90 425 612 344 571 101 25 

848 505 955 135 897 893 74 683 636 231 691 334 

202 728 35 884 882 671 865 

638 29 658 493 273 768 787 158 151 407 620 643 933 553 

270 40 593 461 

309 210 203 437 843 343 488 924 547 837 869 773 

406 575 415 219 438 58 838 204 451 546 295 365 435 211 534 

690 748 709 

471 468 772 908 818 824 791 583 396 144 986 725 65 

77 1000 749 455 499 164 201 909 70 678 918 124 876 685 465 894 701 416 700 910 952 323 

757 957 345 530 450 988 516 953 233 5 885 147 853 726 989 789 72 815 369 32 681 785 864 

650 457 935 518 107 576 598 165 863 727 223 294 607 510 693 205 331 655 496 52 11 515 244 

720 999 555 936 641 453 188 265 814 917 663 91 274 926 984 

408 88 922 932 143 531 738 224 861 63 846 896 898 44 427 254 771 562 578 268 

635 601 524 886 525 736 

946 136 813 

921 387 767 318 674 602 680 126 

651 342 73 350 827 352 67 78 96 746 652 491 187 960 390 184 494 

460 419 730 364 991 820 117 500 479 178 874 242 434 735 463 133 840 549 

792 993 110 446 106 697 501 262 148 195 400 682 

389 423 745 654 213 729 64 662 267 543 756 723 570 487 717 603 

445 942 271 19 249 560 579 533 

826 279 929 338 858 625 9 981 810 238 448 630 218 305 227 744 927 42 

589 835 509 394 130 580 230 359 722 303 269 385 159 362 26 854 

495 34 49 155 134 171 485 

280 733 823 967 417 739 639 798 743 901 660 430 325 573 591 

689 566 889 86 339 132 475 825 413 669 512 541 800 436 54 879 79 

356 298 670 322 520 569 320 995 375 469 286 982 870 4 411 852 556 514 

333 473 804 829 911 613 540 891 397 535 945 997 220 401 

170 296 111 590 867 513 890 236 559 542 900 292 428 

119 98 

561 62 229 459 786 257 462 76 426 307 251 895 167 763 199 129 

97 50 565 214 116 806 716 839 961 552 3 705 243 

108 442 903 504 277 943 212 109 483 978 156 619 92 790 193 632 55 

383 252 183 554 421 405 94 983 586 431 597 104 393 166 599 

833 138 363 821 622 606 7 337 777 850 563 666 994 627 

241 718 905 391 647 937 255 758 811 398 915 57 429 234 162 340 

659 801 822 877 760 137 181 608 10 892 753 217 707 664 

308 859 189 587 14 862 881 474 604 285 987 27 875 176 

673 379 197 776 640 38 258 95 572 951 278 253 206 250 

12 172 545 712 8 971 623 103 481 

550 449 422 963 313 281 914 605 17 121 480 484 992 275 985 721 677 

382 346 180 41 37 656 944 551 855 694 538 196 923 

713 665 582 913 141 314 526 441 511 28 783 964 836 974 769 142 

472 420 610 291 539 684 970 376 

