numero di veicoli usati: 86
costo totale: 216042

481 23 794 

203 415 437 219 204 488 924 663 

625 305 227 744 927 42 

720 999 555 936 814 917 886 525 

130 580 230 359 722 303 446 106 269 385 159 362 195 400 26 854 

823 298 670 322 520 569 320 995 375 469 286 982 870 4 411 852 556 514 

745 654 213 729 64 662 267 946 543 756 723 570 487 717 136 813 321 69 

602 960 390 184 494 907 403 

126 878 282 

991 820 117 434 735 463 133 840 549 

967 417 739 639 798 743 901 660 430 325 573 591 603 174 724 

110 86 339 132 475 825 413 669 512 697 501 262 148 541 800 436 54 879 

271 690 19 249 560 579 533 748 709 633 336 

830 324 215 637 478 

969 653 998 200 847 354 687 979 845 

615 503 370 409 759 302 

682 347 536 169 939 53 246 185 916 649 221 702 

68 592 883 355 190 871 699 13 588 

175 301 558 456 489 120 366 43 672 208 353 264 

85 594 498 123 966 624 714 497 931 492 46 611 667 293 

984 284 831 965 247 808 287 803 21 315 

2 153 323 477 443 849 404 319 490 

330 482 634 84 128 328 529 844 902 975 675 

79 537 523 357 679 16 311 93 260 507 805 105 89 

527 36 351 395 704 779 617 454 899 384 645 686 

182 15 600 149 676 

958 335 731 577 157 

865 959 585 239 

368 980 581 192 30 766 372 410 954 179 439 48 66 796 81 139 

578 268 788 380 266 920 216 327 240 283 752 732 

778 56 173 616 75 646 402 349 276 163 934 819 793 486 976 

245 775 80 222 332 

168 506 414 708 452 447 

91 869 

495 34 49 155 134 471 468 772 908 818 824 171 485 791 583 396 144 986 725 65 832 

77 922 932 143 531 738 224 861 63 846 896 898 44 427 254 546 295 365 435 211 534 

757 957 345 530 450 988 516 953 233 5 885 147 853 726 989 789 72 815 369 32 681 785 774 990 392 131 661 

650 457 935 518 107 576 598 165 863 727 223 294 607 510 693 205 331 655 496 52 11 244 259 912 297 621 

1000 749 455 499 164 201 909 70 678 918 124 876 685 465 451 894 701 416 700 910 952 515 864 715 706 381 770 

438 58 843 838 343 265 547 837 771 773 

736 1 

562 274 926 688 761 140 

782 614 851 326 692 834 

664 762 288 703 972 232 83 125 799 263 226 145 235 956 207 160 45 225 719 698 644 

234 162 340 71 24 750 741 358 198 51 868 412 517 734 317 248 841 947 152 609 82 873 

763 199 129 33 802 502 695 754 467 360 87 418 464 747 657 377 784 925 

361 887 

196 923 373 191 742 548 795 880 290 866 90 425 612 344 571 101 25 642 949 

599 875 176 638 59 631 955 135 897 893 74 683 636 231 691 334 629 

374 20 521 764 47 807 962 

992 275 985 721 677 29 658 493 273 768 787 158 151 407 620 643 933 553 18 

857 809 856 209 941 444 127 371 888 574 711 904 780 765 299 386 177 433 388 

202 728 35 884 882 671 

848 505 270 40 593 528 329 968 461 

940 596 797 628 919 114 751 432 237 618 378 812 470 906 399 256 

552 3 705 243 55 860 595 544 161 828 440 272 564 100 112 458 977 508 367 

619 92 790 193 632 996 938 186 928 737 22 950 568 39 710 304 154 6 113 522 626 

872 194 648 781 973 668 755 300 816 261 341 948 

538 563 666 994 627 424 316 228 557 306 289 122 696 60 476 740 102 532 466 930 817 842 150 

61 519 348 146 584 312 99 310 115 118 31 

472 420 610 

792 993 889 

826 279 197 776 640 38 258 95 572 951 278 253 206 250 

833 138 363 821 622 606 7 212 109 483 978 156 

589 835 509 394 674 

308 859 189 587 14 862 881 474 604 285 

346 50 565 180 41 37 656 944 551 855 850 694 

460 419 929 338 858 9 981 810 238 448 630 218 

389 423 356 318 

651 342 73 350 827 352 67 78 96 746 652 491 187 

97 665 582 913 141 314 526 441 511 28 783 964 836 974 769 

241 718 462 76 426 307 251 895 167 142 567 

689 566 730 364 500 479 178 874 242 

333 713 473 804 829 911 613 540 891 397 535 945 997 220 401 

561 62 229 459 786 257 214 116 806 716 839 961 

659 801 822 877 760 137 181 608 10 892 753 217 707 

382 108 442 903 504 277 943 337 777 27 393 166 

673 379 905 391 647 937 255 758 811 398 915 57 429 

210 309 291 539 684 970 376 635 601 524 971 623 

170 296 111 590 867 513 890 236 559 542 900 292 428 680 

550 449 422 963 313 281 914 605 17 121 480 484 

408 88 406 575 641 453 188 

445 942 733 387 767 

12 172 545 712 8 94 987 

383 252 183 554 421 405 983 586 431 597 104 103 

98 119 280 921 

