numero di veicoli usati: 167
costo totale: 195324

301 777 564 320 360 763 805 

190 842 50 675 822 459 830 872 903 

406 820 502 222 927 509 465 196 674 871 662 

536 257 121 966 635 247 113 452 448 367 347 83 500 

313 481 74 876 795 114 338 513 374 

896 244 497 48 653 975 434 765 

879 501 683 344 503 399 

57 131 418 159 

736 463 522 

92 200 846 634 445 517 454 

197 

604 298 65 186 

784 708 460 852 894 895 416 284 234 

95 834 557 381 271 215 630 80 236 264 750 642 310 

127 682 475 235 749 429 

316 678 461 389 

627 462 698 559 172 569 603 

532 33 209 709 991 372 672 641 878 

986 140 

943 723 433 567 

129 742 

937 181 8 383 695 297 

352 600 870 869 

984 935 484 

386 520 327 348 

648 949 198 64 589 

351 596 907 

328 624 201 

977 390 786 274 

382 428 732 

764 426 799 594 

285 720 126 265 

922 744 911 905 

652 18 105 

380 356 688 315 

415 322 47 773 

411 563 910 27 189 680 

616 593 953 560 

914 455 252 

38 633 632 366 192 

116 813 840 906 541 886 174 

238 260 

388 760 499 405 

815 658 464 

306 294 241 

212 859 261 838 

66 545 778 491 821 150 493 

997 87 996 

819 999 246 920 227 850 828 

577 533 329 46 689 138 59 

981 125 954 256 857 510 

985 884 305 30 

562 148 291 90 395 519 728 

856 758 774 478 5 477 398 

902 543 679 781 880 703 524 

963 726 670 646 

836 69 420 566 

941 32 644 25 1000 

394 441 40 282 119 610 23 

638 72 588 439 

581 933 52 335 368 654 918 530 444 699 

544 278 511 308 191 712 898 915 

924 155 224 199 737 

130 725 612 904 78 794 971 628 

488 800 211 359 442 804 715 888 923 355 

122 705 979 

473 109 77 417 424 22 311 893 

183 36 663 714 561 498 438 

660 3 

615 667 808 926 964 988 277 286 824 

968 745 218 371 643 143 844 956 661 

79 664 49 489 490 16 669 731 375 701 436 387 

711 403 970 729 413 866 887 408 690 812 614 845 

570 350 882 400 752 269 865 75 713 185 

775 973 188 527 747 43 

364 492 219 170 240 216 349 178 237 176 

571 681 948 91 96 378 275 341 431 606 

208 425 149 332 345 936 739 409 358 

789 553 103 331 972 974 422 944 401 579 538 

407 102 934 2 53 62 

535 303 226 671 978 851 134 391 

980 210 574 118 552 

586 811 

656 771 761 168 592 281 

287 772 506 626 471 

472 393 967 474 518 946 

823 258 317 958 505 142 516 

44 4 17 9 89 97 919 666 

938 818 153 

855 13 376 817 

106 158 81 385 537 124 816 412 160 

969 213 251 485 

249 945 20 225 

404 39 782 

34 912 61 161 71 862 

479 437 719 204 37 292 696 205 746 514 

779 908 595 916 881 650 647 

384 853 432 727 288 835 858 361 839 608 994 447 

54 483 531 14 645 754 700 889 379 525 

722 718 326 334 100 414 430 802 550 

184 139 955 607 177 195 769 135 724 791 

787 806 710 318 831 961 587 58 290 

120 521 

108 182 470 93 203 716 706 875 693 762 601 232 

111 551 94 843 942 885 892 507 

323 242 419 179 622 450 609 877 753 

76 631 467 333 639 229 730 88 659 691 

373 692 133 913 891 56 

35 825 932 868 154 370 827 832 270 171 146 

466 279 31 883 637 848 

324 421 369 697 110 42 874 

357 686 243 

529 300 965 740 677 921 989 917 540 

262 63 618 814 

173 151 137 998 163 26 665 340 

792 901 909 259 319 145 803 165 128 668 

952 15 73 741 469 

721 253 330 248 826 

767 214 12 929 98 82 156 

272 321 353 983 548 

456 565 193 207 

613 947 

136 900 

766 343 930 756 230 169 

410 

951 495 

546 759 392 453 860 283 221 

312 702 

599 940 515 307 687 617 

231 1 70 496 166 676 

482 625 990 584 60 809 993 864 790 280 

363 797 45 68 575 295 180 302 187 19 

28 245 793 636 147 

115 962 486 743 440 512 397 939 123 

487 255 899 289 572 950 423 85 554 233 

960 810 620 959 841 580 304 480 684 833 

362 621 86 

785 267 837 104 132 925 526 223 24 217 568 

849 476 788 528 494 354 555 342 558 549 

299 449 602 377 296 995 

402 

590 

451 605 578 346 443 7 206 427 67 685 

780 

931 

435 250 629 829 523 117 768 657 863 

801 987 

611 534 738 807 314 770 239 220 55 

655 976 458 798 51 591 141 273 717 

982 707 539 

854 783 640 861 339 457 748 325 673 735 

6 268 897 202 547 

755 704 99 10 649 556 598 

694 796 873 576 

597 266 

582 

623 734 228 107 776 162 992 21 583 

336 508 254 152 112 157 29 757 101 

167 293 542 928 619 446 396 733 

504 

164 

573 337 751 

957 263 

585 365 

194 84 867 468 847 

309 890 11 651 

175 144 276 41 

