numero di veicoli usati: 183
costo totale: 204777

384 853 432 727 288 835 858 361 839 608 994 447 

479 437 719 204 37 292 696 205 746 514 

184 139 955 14 645 754 700 889 791 

957 787 806 710 318 831 961 587 58 290 

35 825 932 868 154 370 827 832 270 171 146 

164 323 242 419 179 622 450 609 877 753 

108 182 470 93 203 716 706 875 693 762 601 232 

54 483 531 607 177 195 769 135 724 379 525 

707 111 551 94 843 942 885 507 

792 901 909 639 229 730 88 659 110 42 874 

722 718 326 334 100 414 430 802 550 

144 373 692 133 913 539 891 892 

952 619 15 73 741 469 

602 546 759 377 995 

357 259 668 

300 965 740 677 921 989 917 540 

151 137 998 163 26 665 340 

721 253 453 860 283 221 

767 214 198 765 

683 98 82 156 

324 421 369 261 814 

321 353 983 548 

76 631 467 333 319 145 803 165 128 691 

466 279 

262 63 618 632 12 929 

686 243 

867 779 908 595 847 916 

766 343 930 230 169 

565 193 207 

136 900 

410 5 

191 

988 

937 181 

301 777 564 320 360 763 641 284 

246 943 

95 834 557 381 271 215 630 80 236 264 750 

532 33 209 709 991 372 894 672 416 

984 896 244 497 48 935 484 653 975 434 

633 

190 842 50 675 822 459 830 872 903 

328 92 200 846 634 624 201 445 517 454 

536 257 121 966 635 247 113 452 448 367 347 

351 127 682 475 235 596 749 429 

382 784 708 460 852 428 907 

406 820 502 222 927 509 465 196 674 871 

122 705 316 678 461 47 

859 

977 390 352 600 870 786 274 869 

415 322 627 462 698 773 389 

764 879 501 344 426 799 594 503 399 

922 736 

949 197 559 172 569 603 

417 65 

616 313 481 74 876 795 114 338 895 

545 778 129 383 

563 840 

148 291 57 131 953 560 418 159 

40 282 

679 604 

712 

79 664 49 489 490 16 669 731 375 701 436 387 

711 403 970 729 413 866 887 408 690 812 614 845 

570 350 882 400 240 216 349 178 237 176 

364 492 219 170 752 269 275 865 75 713 185 

571 681 948 91 96 378 341 431 606 

407 102 934 720 126 265 2 53 62 

226 671 978 851 

149 332 345 936 817 

298 119 610 513 374 

39 782 256 

553 103 331 972 974 422 944 401 579 538 

81 385 537 124 816 160 

986 938 818 910 27 189 153 811 

823 258 317 958 505 142 516 

44 4 17 9 89 18 105 97 919 666 

593 805 878 234 

8 491 821 83 500 

34 912 61 744 911 680 225 

463 586 906 541 886 174 522 567 161 71 862 

761 168 

506 626 

742 781 880 695 662 642 310 

356 472 393 967 474 688 315 518 946 

723 920 227 850 828 433 297 

249 945 20 46 689 905 140 

424 90 395 186 

13 

804 

654 918 

143 

175 84 468 

115 245 793 

208 739 281 

309 890 651 

336 508 254 157 29 

582 529 756 241 

6 118 897 

38 366 192 

106 134 409 

638 72 573 337 613 947 751 

212 838 697 

941 32 30 

648 64 589 

931 173 499 405 

652 412 

487 255 768 

306 294 504 

819 999 150 493 

902 543 703 524 

435 250 629 556 

194 446 396 

611 940 141 

623 734 228 992 

854 783 640 588 439 

285 22 

394 441 23 

599 755 704 495 420 737 

836 69 694 796 951 566 21 

914 362 621 455 252 

231 1 70 702 199 873 

386 520 327 348 

981 125 954 857 510 

238 597 287 471 260 

856 758 774 

982 670 646 263 

815 658 656 592 464 

963 726 801 987 31 276 41 

997 87 585 365 120 

66 77 519 728 

660 3 402 456 

562 308 898 915 

577 533 329 530 444 699 

581 933 52 335 311 

985 884 305 

780 272 644 25 1000 

116 813 498 

388 760 478 477 398 

167 293 542 521 996 

183 36 663 714 561 

544 278 511 979 732 

785 

380 368 893 

849 476 

924 155 224 590 312 

130 725 612 904 78 794 971 628 

473 109 371 643 844 956 661 

488 800 211 359 442 715 888 923 355 

411 138 

968 745 218 438 

299 449 296 

615 667 808 926 964 277 286 824 

655 976 458 307 

960 423 

451 605 

496 166 515 676 

928 733 

482 625 990 584 60 809 993 864 790 280 43 

267 837 104 132 925 526 223 24 217 568 

363 797 45 68 575 295 180 302 187 19 

99 10 649 273 717 

788 528 494 354 555 342 558 549 552 

962 486 743 440 512 397 939 123 

810 620 959 841 580 304 480 684 833 56 

829 770 239 220 55 883 637 848 

772 266 

578 346 443 7 206 427 67 685 

11 523 117 657 863 330 248 826 

899 289 572 950 85 554 233 881 650 647 

861 339 457 748 325 673 735 

534 738 807 314 687 617 

107 776 162 576 

855 376 

28 775 973 188 527 636 147 747 

152 112 757 101 392 

268 980 210 574 202 547 

158 

969 213 251 86 485 

798 51 591 598 583 

425 771 391 

535 303 358 

404 59 

789 

