numero di veicoli usati: 167
costo totale: 189786

854 783 439 751 

968 745 218 371 498 

183 36 663 714 561 

849 793 

535 851 134 409 

652 823 142 

997 87 585 

937 227 850 

451 

902 543 679 604 610 23 

922 736 541 886 

380 44 654 311 

285 356 46 689 

411 563 986 27 699 

815 658 656 168 592 464 

394 441 40 282 524 

238 597 287 471 260 

914 362 621 455 252 86 

106 158 816 

623 694 566 21 

977 390 143 844 

981 125 954 404 256 857 266 

599 737 873 

208 936 739 281 

6 897 202 

66 545 778 821 150 493 

473 109 77 417 395 519 728 

116 813 840 530 444 

819 999 246 880 703 

544 278 511 308 898 979 915 732 

660 

488 800 211 359 442 715 888 923 355 

836 69 590 

963 

638 72 573 

231 337 

130 725 612 904 855 13 78 794 971 628 

924 155 224 

985 884 477 398 

577 533 329 249 918 893 

856 758 774 

581 933 52 335 368 22 

122 643 438 

562 148 291 956 661 

615 667 808 926 964 277 286 824 

789 422 

415 560 

482 625 990 584 60 809 993 864 790 280 43 

363 797 45 68 575 295 180 302 187 19 

115 962 486 743 440 512 397 939 123 

193 540 668 874 

476 788 528 494 354 555 342 558 549 552 

5 601 232 

899 289 572 950 423 85 554 233 881 650 647 

605 578 346 443 7 206 427 67 685 

107 776 162 992 525 791 

268 980 210 574 118 547 

546 759 877 994 447 

785 267 837 104 132 925 526 223 24 217 568 

152 908 753 

960 810 620 959 841 580 304 480 684 833 56 

829 112 157 29 101 392 453 860 283 221 

721 253 507 290 

458 738 807 314 770 239 220 55 883 637 848 

952 619 146 

640 861 339 457 748 325 673 735 

798 51 591 141 15 73 741 469 

28 775 973 188 527 245 636 147 747 

506 626 817 

969 213 251 485 

951 495 420 583 

99 10 649 556 598 273 717 

534 523 117 768 657 863 330 248 826 

120 521 996 

312 702 199 576 676 

279 514 

613 947 588 

496 166 515 307 687 617 

301 777 564 320 360 763 641 234 

536 257 121 966 635 247 113 452 448 367 347 83 500 

406 820 502 222 927 509 465 196 674 871 662 

95 834 557 381 271 215 630 80 236 264 750 642 310 

616 313 481 74 876 795 114 338 895 416 284 878 

351 127 682 475 235 596 749 429 454 

804 

879 501 683 344 426 594 503 42 

896 244 497 48 935 484 653 975 434 765 

191 712 

767 214 198 

382 784 708 460 852 428 907 

322 627 462 698 559 172 569 603 

532 33 209 709 991 372 894 672 805 

424 90 65 186 

63 618 929 691 

92 200 846 634 624 201 445 517 399 98 82 156 

190 842 50 675 822 459 830 872 903 

705 316 678 461 47 773 389 

119 

352 600 870 786 274 869 297 

57 131 593 953 418 159 513 374 

298 781 

8 491 567 161 71 

988 

79 664 49 489 490 16 669 731 375 701 436 387 

711 403 970 729 413 866 887 408 690 812 614 845 

570 350 882 400 240 216 349 178 237 176 

571 681 948 91 96 378 713 

258 317 958 505 516 341 431 606 

772 

938 818 910 189 59 140 

303 226 671 978 358 

181 407 102 934 720 126 265 2 53 62 

425 149 332 345 391 

34 912 61 744 911 680 153 811 

553 103 331 972 974 944 401 579 538 

364 492 219 170 752 269 275 865 75 185 

4 17 9 89 18 105 97 919 666 

472 393 967 474 688 315 518 946 

39 782 510 

943 723 920 828 433 862 

463 586 906 174 522 

81 385 537 124 412 160 

129 742 383 695 

771 761 376 

945 20 138 905 225 

38 633 262 632 366 192 12 

764 

722 718 326 334 100 414 430 802 550 

184 139 955 14 645 754 700 889 379 

655 976 

35 825 932 868 154 370 827 832 270 171 

108 182 470 93 203 716 706 875 693 762 

54 483 531 607 177 195 769 135 724 

76 631 467 333 639 229 730 88 659 110 

328 799 

582 479 437 719 204 37 292 696 205 746 

984 

194 84 867 779 595 468 847 916 

164 323 242 419 179 622 450 

305 30 136 900 644 25 1000 

982 707 111 551 94 843 942 885 609 

726 801 987 466 31 276 41 

780 529 300 965 740 677 921 989 917 

336 508 254 446 396 733 

306 294 504 766 343 930 756 241 230 169 

931 173 151 137 998 163 26 665 340 

386 792 901 909 259 319 145 803 165 128 

388 760 272 321 353 983 499 405 548 

941 32 520 357 686 243 327 348 

212 859 324 421 369 261 838 697 814 

648 949 197 64 589 

309 890 11 651 757 

384 853 432 727 288 835 858 361 839 608 

487 255 

175 144 373 692 133 913 539 891 892 

299 449 602 377 296 995 

167 293 542 928 

435 250 629 

365 

755 704 

1 70 

478 410 

611 940 

3 402 456 565 670 646 263 207 

957 787 806 710 318 831 961 587 58 

734 228 

796 

