numero di veicoli usati: 161
costo totale: 187472

363 797 45 68 575 295 180 302 187 19 

6 268 980 210 574 118 897 202 547 

208 425 

535 

785 267 837 104 132 925 526 223 24 217 568 

849 476 788 528 494 354 555 342 558 549 552 

451 605 578 346 443 7 206 427 67 685 

28 775 973 188 527 245 793 636 147 747 

904 

640 861 339 325 673 735 

960 810 620 959 841 580 304 480 684 833 56 

496 166 617 

899 289 85 554 233 

107 583 

629 829 657 863 330 

115 962 486 743 440 512 397 939 123 

482 625 990 584 60 809 993 864 790 280 43 

534 738 807 239 220 55 

621 969 213 251 252 86 485 

458 798 10 273 717 

656 266 

287 772 

99 576 676 

254 101 

79 664 49 489 490 16 669 731 375 701 436 387 

711 403 970 729 413 866 887 408 690 812 614 845 

364 492 219 170 240 216 349 178 237 176 

571 681 948 91 96 378 275 713 185 

736 34 912 61 744 911 750 642 500 

570 350 882 400 752 269 865 75 606 

789 553 103 331 972 974 422 944 401 579 538 

303 226 671 978 851 134 409 358 

181 407 102 934 720 126 265 2 53 62 

742 781 513 374 234 

986 938 818 910 27 189 680 153 811 

106 158 81 385 537 124 816 412 160 

356 472 393 967 474 688 315 518 662 310 

855 13 628 

463 586 906 541 174 522 

380 44 4 17 9 89 18 105 97 919 666 

652 823 258 317 958 505 142 516 341 431 

249 945 20 46 138 905 225 946 

298 119 

943 723 920 433 567 161 71 862 

8 491 695 297 

506 626 

149 332 345 936 739 281 391 

368 654 59 140 

954 404 39 782 256 510 

424 90 186 

771 761 168 376 817 

643 143 

498 

299 377 296 

175 539 

487 255 572 950 423 

386 838 

309 890 651 468 

336 508 112 157 29 757 

611 940 314 770 

435 250 523 117 768 

167 293 542 619 446 396 

238 597 471 260 

655 976 51 591 141 

599 755 704 649 556 598 

231 1 70 515 307 687 

623 734 228 776 162 992 21 

931 173 366 

854 783 457 748 

985 884 305 644 25 1000 

194 84 193 670 646 

914 362 455 

394 109 712 898 979 

660 3 402 456 

306 294 504 

963 726 801 987 279 31 276 41 

815 658 592 464 

780 756 

577 689 

856 758 774 478 477 398 

997 87 585 365 120 521 996 

836 69 694 796 951 495 420 566 

981 125 857 

488 800 211 804 715 824 

638 72 573 337 613 947 588 439 751 

130 725 612 78 794 971 

924 155 224 590 312 702 199 737 873 

183 36 663 714 561 

544 278 888 923 

581 933 52 335 918 530 444 

473 844 956 661 

941 32 327 348 

615 667 808 926 988 277 286 

582 241 

388 760 272 499 405 

968 745 218 438 22 311 893 

384 853 432 727 288 835 858 361 839 608 994 447 

722 718 326 334 100 414 430 802 550 

479 437 719 204 37 292 696 205 746 514 

957 787 806 710 318 831 961 587 58 290 

30 136 900 

184 139 955 14 645 754 700 889 791 

108 182 470 93 203 716 706 875 693 762 601 232 

35 825 932 868 154 370 827 832 270 171 146 

792 901 909 259 319 145 88 659 110 42 874 

982 707 111 551 94 843 942 885 609 877 753 

164 323 242 419 179 622 450 

466 

520 357 686 243 803 165 128 691 668 

152 392 248 826 

76 631 467 333 639 229 730 814 

54 483 531 607 177 195 769 135 724 379 525 

529 300 965 740 677 921 989 917 540 

767 214 454 765 

151 137 998 163 26 665 340 

321 353 983 548 

449 602 546 759 995 883 637 848 

11 721 253 881 650 647 

144 373 692 133 913 891 892 507 

928 952 733 15 73 741 469 

262 63 618 632 399 98 82 156 

324 421 369 261 12 929 

766 343 930 230 169 

867 779 908 595 847 916 453 860 283 221 

442 

565 263 207 

410 5 

964 

301 777 564 320 360 763 641 878 

536 257 121 966 635 247 113 452 448 367 347 83 

984 896 244 497 48 935 484 653 975 434 

116 813 840 

328 92 200 846 634 624 201 445 517 

382 784 708 460 852 428 907 

648 949 197 198 64 589 

532 33 209 709 991 372 894 672 416 

66 545 778 129 821 150 383 

406 820 502 222 927 509 465 196 674 871 

190 842 50 675 822 459 830 872 903 

351 127 682 475 235 596 749 429 

122 705 316 678 461 47 732 

937 600 870 786 274 869 

764 879 501 683 344 426 799 594 503 

77 417 395 519 728 65 

38 633 192 

511 308 191 915 

95 834 557 381 271 215 630 80 236 264 805 

212 859 697 

616 313 481 74 876 795 114 338 895 284 

411 563 

977 390 352 559 172 569 603 

819 999 246 227 850 828 

415 322 627 462 698 773 389 

562 148 291 57 131 593 953 560 418 159 

441 40 282 610 23 524 

902 543 679 604 880 703 493 

922 886 

371 

285 

533 329 699 

359 355 

