numero di veicoli usati: 94
costo totale: 130003

929 686 5 760 607 344 859 

850 82 710 256 439 409 378 8 463 78 

117 446 552 813 576 708 969 108 263 953 546 196 

825 276 703 309 689 12 61 357 283 387 

719 639 681 289 404 164 84 480 712 39 

856 809 41 165 682 829 183 337 873 

922 975 966 625 376 554 550 32 358 899 348 551 

824 16 365 998 504 195 110 288 380 236 769 

664 268 589 858 905 624 62 279 397 9 913 182 113 

676 908 377 364 844 278 616 336 320 749 820 

147 925 987 609 157 705 102 586 335 924 783 255 

253 15 104 773 443 290 277 807 524 936 910 498 459 398 

628 25 847 917 465 740 366 782 980 461 119 46 744 

542 989 375 155 26 707 516 492 188 693 794 36 

833 739 593 318 489 606 812 704 747 946 128 

316 350 517 514 426 883 74 588 85 

275 629 725 298 731 891 958 379 478 595 790 

477 778 776 150 716 950 361 345 665 985 977 247 

787 235 901 452 990 57 846 952 646 172 620 69 

748 640 943 851 881 204 422 343 914 418 559 895 

297 71 630 671 582 56 262 986 265 237 834 

733 44 885 653 31 479 632 411 294 423 158 

179 512 55 58 194 934 597 224 67 296 

449 902 811 421 993 575 243 728 100 382 97 511 562 

346 388 898 174 942 506 99 394 92 151 555 109 153 

272 386 605 584 904 356 125 663 450 730 

273 405 951 412 191 444 865 978 529 

407 955 355 116 742 945 286 408 919 177 127 313 536 

27 342 312 800 137 596 525 788 306 254 

215 401 692 515 573 560 971 486 918 928 541 

841 579 523 267 321 20 861 638 445 729 232 322 

264 474 1000 732 751 22 553 96 198 282 223 274 674 

176 144 835 668 229 752 197 507 785 

476 28 145 241 574 935 339 410 79 156 

920 996 220 419 839 746 308 666 138 280 434 697 

927 594 675 896 131 112 205 33 159 291 

984 837 867 539 466 328 585 815 503 168 

391 400 502 570 643 403 48 765 115 

261 453 441 810 852 750 186 385 836 994 

875 888 591 245 170 756 599 351 890 390 604 

88 821 828 431 211 473 897 95 98 863 430 338 

389 826 24 70 29 1 432 631 722 178 

38 672 784 963 637 219 35 493 519 711 269 

363 89 323 889 678 854 677 207 650 801 

709 51 21 490 129 470 982 673 121 804 531 

161 77 134 414 45 803 251 86 302 

547 642 634 880 120 111 340 770 583 509 911 

234 124 314 500 808 754 961 959 714 

528 568 169 797 849 564 429 209 558 371 997 

66 341 301 227 133 777 548 495 384 214 

871 976 484 334 587 822 601 381 569 513 467 

864 947 827 530 621 212 543 700 413 940 54 

838 126 464 967 647 868 374 698 173 735 

845 469 937 615 307 496 19 535 505 

63 518 685 545 315 931 491 520 600 299 

349 791 60 869 830 139 359 619 417 140 608 246 

230 244 538 14 304 203 930 737 823 424 64 979 

206 373 743 916 563 457 310 415 333 187 

892 948 468 949 3 213 499 200 658 392 72 460 

59 659 101 610 65 319 497 193 879 688 566 43 

11 87 402 795 

240 327 107 906 549 10 440 347 745 

114 428 713 764 483 598 577 482 184 843 718 912 

93 271 741 915 353 680 4 893 141 

354 932 974 878 362 436 49 617 217 968 

814 180 736 521 670 903 239 455 23 103 926 580 

695 763 578 715 118 981 699 565 94 406 

727 162 135 52 360 143 192 757 

370 148 534 37 330 475 324 442 154 257 368 

228 581 855 311 734 90 

991 252 508 694 80 510 614 832 438 73 921 

992 655 202 758 332 662 831 802 83 

285 954 602 806 68 249 331 561 399 780 132 661 726 

792 481 909 894 532 960 755 472 210 416 

866 933 767 612 796 540 633 723 53 

326 870 325 720 941 175 287 819 721 142 781 42 654 557 

451 437 383 258 626 292 130 295 766 185 972 

983 771 556 352 216 544 81 329 691 181 222 

533 762 884 636 667 652 435 259 317 

817 395 18 900 627 887 684 50 772 425 799 396 

17 679 657 238 281 876 448 2 862 458 590 

793 818 367 805 152 696 30 641 427 

225 853 487 656 761 208 485 218 

635 613 923 40 618 160 75 645 907 882 163 369 623 

724 798 702 774 962 999 939 848 651 840 649 250 

171 231 456 242 167 701 454 122 965 571 938 611 648 

300 768 233 522 874 471 123 303 690 592 91 956 669 

644 603 567 683 260 775 136 226 447 877 527 

305 462 816 266 488 572 717 687 372 526 964 270 

660 293 501 706 248 753 944 190 166 34 

6 786 47 988 857 995 970 842 433 221 

393 537 105 146 201 973 494 738 284 

149 886 860 76 622 106 13 957 

779 189 7 199 789 759 872 420 

