numero di veicoli usati: 119
costo totale: 121281

814 171 903 670 180 736 521 

264 377 452 364 844 901 

875 888 591 245 756 170 486 

947 898 827 530 212 310 543 700 723 759 

235 474 1000 751 908 846 57 990 198 952 633 730 

373 743 916 563 457 621 411 415 187 

306 525 788 254 488 717 687 559 438 313 

533 762 21 636 884 490 

927 841 579 523 267 321 455 638 445 23 239 

787 866 933 767 612 51 709 

441 852 810 699 981 118 166 34 

426 778 672 

305 748 462 510 80 614 127 177 970 

508 694 50 919 995 907 369 623 

733 44 885 653 479 31 125 241 574 99 410 

395 116 355 900 627 497 130 295 766 842 433 221 

326 870 325 720 676 732 175 941 22 553 287 142 

363 629 725 298 215 560 428 713 971 690 573 

514 96 819 721 429 942 935 506 394 92 339 73 

528 568 169 797 849 564 750 333 294 895 423 

542 989 556 481 909 894 532 960 472 210 416 

983 393 792 66 544 341 81 329 567 

190 356 789 425 772 193 882 163 

114 644 352 216 691 603 

11 87 402 389 

383 308 746 

642 634 880 562 979 

679 657 238 281 876 448 2 440 

534 37 878 362 330 8 39 968 

10 920 996 419 839 466 860 622 106 

835 705 593 905 318 489 606 624 62 173 

984 668 276 833 12 782 366 61 128 

925 987 609 157 689 309 703 739 812 140 

144 147 586 335 783 924 461 980 509 

837 867 539 628 25 847 328 815 434 

975 966 625 376 554 589 858 899 86 

225 240 327 107 906 549 487 853 154 

354 974 932 436 82 710 378 463 4 208 

220 825 917 465 740 585 752 229 197 666 785 

102 664 268 32 550 358 279 397 9 704 747 283 

850 741 88 49 617 475 217 

370 148 862 

316 273 405 517 350 588 74 883 

65 886 

346 342 312 800 174 

476 640 851 881 943 204 422 343 572 914 418 

724 179 798 702 892 774 828 821 431 211 

902 811 421 993 857 64 

944 584 904 27 137 596 816 266 

271 71 630 253 15 582 671 262 986 

988 47 786 7 199 189 

18 887 684 408 742 945 286 319 

301 227 133 491 598 577 98 

300 401 692 515 874 958 303 123 260 683 

375 155 26 764 707 516 483 492 693 188 777 548 

40 618 615 937 469 645 75 160 

518 685 146 105 201 973 473 512 55 897 95 

307 496 728 100 575 243 382 97 19 535 511 

143 162 135 52 360 38 768 233 522 731 

285 954 602 806 68 891 323 89 

930 698 

234 754 808 753 388 

923 381 601 251 258 626 507 503 761 324 442 

864 124 314 959 500 961 

477 274 223 282 380 112 172 236 

117 446 576 552 813 675 896 131 646 129 470 781 

275 150 776 963 637 345 219 665 35 674 85 

727 824 20 861 16 594 249 519 951 412 

93 297 256 

230 407 6 538 955 817 

716 950 361 784 599 351 493 678 854 

484 845 334 60 869 587 830 822 

63 545 315 931 537 

771 755 471 889 592 890 390 91 379 

14 304 613 449 367 805 414 45 803 

176 228 581 311 855 17 

206 293 706 248 501 578 715 796 391 

451 437 547 791 

929 386 695 605 5 763 261 453 686 859 

922 349 976 967 818 77 635 134 203 424 823 737 

793 244 838 126 464 647 161 868 374 610 

272 660 344 607 760 540 565 667 400 

779 871 991 252 101 659 59 149 

359 348 119 619 946 396 714 872 420 

353 439 58 482 649 495 604 207 527 269 

365 998 504 195 454 288 320 571 985 977 648 

231 456 242 167 183 110 969 708 122 965 108 953 232 406 

856 809 165 41 682 829 701 337 873 

729 278 616 336 263 546 673 978 804 529 531 

915 639 719 681 289 404 164 84 680 277 

656 76 138 280 913 357 291 

948 468 499 213 200 848 939 520 184 843 718 

56 104 480 712 409 255 551 879 688 43 536 

962 999 773 949 3 443 290 658 194 36 136 447 

928 918 600 775 299 247 749 103 997 765 

120 111 340 770 583 799 158 270 53 317 

794 956 191 865 444 226 611 820 595 790 

331 399 561 938 780 121 196 132 661 726 

632 372 526 145 28 832 566 79 151 555 109 153 

570 643 322 403 48 836 994 115 

450 663 964 156 921 

738 494 181 597 430 631 722 224 67 296 

42 982 371 435 259 

834 257 697 168 387 302 

152 139 569 513 696 30 505 641 590 

652 413 940 186 385 

669 192 877 478 757 

467 347 734 292 417 46 185 972 608 246 

826 24 651 392 72 485 182 13 113 

265 807 524 936 910 1 460 893 141 

620 205 33 159 502 769 69 926 580 

992 934 840 432 831 802 83 795 

209 558 654 557 94 54 

214 384 284 338 541 

711 677 222 650 912 801 

458 90 745 368 

237 202 758 398 218 78 957 

655 863 70 29 459 498 332 662 250 178 

427 911 744 735 

