numero di veicoli usati: 31
costo totale: 189310

454 4 929 181 9 

805 41 970 258 601 777 765 915 236 558 16 932 666 238 84 180 133 925 842 595 524 656 670 606 336 710 

349 39 469 397 649 705 395 910 7 387 563 1000 327 996 811 736 54 208 209 635 88 876 699 790 212 933 979 855 919 566 495 130 978 667 184 411 95 

313 251 977 250 747 567 532 199 90 681 265 858 474 585 214 453 372 87 

316 946 20 187 384 741 593 557 179 452 

191 113 325 672 786 446 491 831 985 310 328 960 117 104 737 51 696 697 182 360 362 143 814 963 857 734 222 767 406 463 140 42 8 414 775 994 553 944 

993 220 73 852 917 846 550 513 893 451 459 61 162 263 353 82 28 584 151 102 928 403 715 420 961 745 511 101 69 604 189 374 529 725 937 658 287 58 950 

503 193 141 339 648 309 473 784 851 663 939 628 485 52 868 527 883 10 906 460 796 634 967 918 774 841 461 169 497 166 267 138 535 415 

203 653 569 435 522 832 192 833 168 124 678 393 530 150 111 377 914 599 731 228 246 865 288 616 813 771 264 549 633 231 732 827 627 861 448 401 992 186 103 607 134 464 596 671 702 241 338 303 896 

739 29 216 475 528 136 233 365 797 94 363 206 340 894 26 856 661 923 724 478 878 900 311 369 862 969 926 679 576 50 839 390 

139 364 386 703 155 354 183 489 346 221 198 282 766 578 641 615 24 982 419 85 863 352 159 791 96 211 722 200 23 359 713 759 714 954 431 392 750 

828 256 571 412 820 847 215 673 457 450 319 630 488 717 708 877 770 829 794 408 367 761 152 685 167 442 582 289 942 31 675 949 361 157 467 589 690 597 830 603 

436 332 112 201 927 726 261 479 772 462 508 254 404 744 242 664 707 34 260 66 487 

548 72 806 284 235 337 255 405 456 561 889 686 280 879 815 892 458 924 788 941 194 106 646 729 440 687 799 129 47 291 920 916 514 21 125 764 438 426 973 

547 59 283 385 306 867 556 588 293 43 611 239 225 938 647 721 44 232 955 398 804 277 304 302 859 394 911 581 

116 624 704 809 639 798 871 308 825 25 11 75 908 428 153 719 262 693 347 227 694 586 885 975 834 669 720 643 223 234 178 444 642 751 78 74 35 97 410 519 

818 490 782 77 795 943 947 781 237 922 541 173 756 331 763 477 525 712 190 165 27 888 

802 89 76 37 740 668 257 654 108 345 866 602 49 318 835 610 417 482 492 698 278 587 810 161 321 516 823 780 544 501 196 895 330 930 144 290 

350 951 204 934 22 826 644 295 711 437 609 905 146 253 619 701 901 480 570 17 504 326 470 518 617 383 565 366 300 683 723 962 507 746 860 243 273 137 

36 662 983 160 476 244 131 132 315 785 575 176 562 175 249 638 875 510 445 333 618 762 822 768 93 728 735 272 655 465 665 506 912 294 

898 803 793 512 632 185 429 68 409 373 15 92 443 424 342 79 552 559 379 684 884 773 268 623 356 998 248 749 259 733 730 727 320 207 542 716 520 

984 170 494 957 484 890 389 976 843 110 657 758 218 382 413 468 38 902 135 13 115 572 322 974 296 757 60 959 149 53 907 171 202 126 997 801 787 177 848 

67 432 449 502 378 631 531 55 2 612 574 40 91 64 990 622 14 534 952 844 515 370 965 427 299 127 3 692 348 402 100 

807 583 323 752 210 307 286 1 533 660 281 

493 677 351 564 197 276 358 968 988 760 33 840 836 904 483 700 226 560 335 5 989 205 873 156 555 195 247 935 819 821 285 691 86 897 

850 145 598 792 769 500 274 776 538 783 357 217 800 188 298 81 425 676 742 853 948 496 659 636 148 416 119 245 637 396 620 63 98 344 65 886 441 537 105 568 779 652 

381 986 80 275 499 526 376 521 114 824 591 706 613 909 579 45 407 845 545 118 240 418 48 995 891 305 505 981 789 147 158 743 400 

880 849 269 872 481 301 936 517 163 271 391 172 551 18 543 439 817 554 341 164 128 592 388 621 688 956 600 509 940 680 864 99 380 808 999 46 213 882 355 874 854 964 154 539 

921 371 594 219 812 314 837 972 573 334 755 123 434 121 958 122 109 945 614 577 270 682 472 252 229 881 19 6 

421 279 816 368 899 536 991 953 12 640 754 778 709 120 674 142 62 966 433 375 30 466 174 748 931 629 626 498 107 471 317 71 869 266 399 980 56 292 343 57 689 312 625 329 887 

738 718 32 987 423 523 83 546 455 971 70 608 913 605 224 903 486 422 753 297 540 645 650 447 324 695 590 651 838 430 870 230 580 

