numero di veicoli usati: 41
costo totale: 191867

606 670 525 712 138 267 497 789 995 240 48 891 305 505 981 158 147 911 581 329 973 426 667 887 

69 259 356 248 749 642 751 577 614 945 156 555 999 213 46 355 874 854 714 759 954 431 801 787 177 290 848 

623 268 884 684 643 720 223 234 948 496 659 661 636 148 416 119 478 724 540 370 965 127 427 683 300 565 962 645 650 447 324 695 597 830 348 165 336 553 944 888 27 

937 733 730 873 727 320 207 716 520 390 839 50 576 19 542 66 897 682 472 287 658 229 881 652 58 6 

679 926 603 589 157 3 299 723 166 746 507 860 243 692 402 100 

582 289 942 31 369 900 952 515 949 361 467 675 690 311 862 444 178 78 74 97 969 568 779 230 580 

529 380 359 713 23 195 247 935 819 821 285 691 86 270 252 410 519 950 

233 94 363 622 534 14 990 340 396 637 245 878 844 590 838 98 63 620 65 886 441 35 105 537 344 651 430 870 

896 487 338 87 281 372 392 453 964 750 154 539 

190 994 775 414 535 743 400 415 273 137 710 

452 179 557 294 912 184 411 95 

547 802 421 59 816 368 22 826 295 644 12 640 654 108 257 395 705 649 337 405 111 377 833 228 731 914 599 892 1000 476 20 

898 116 921 624 704 803 739 145 850 503 381 805 113 193 67 432 449 491 446 786 41 970 765 915 674 120 345 866 602 49 318 668 740 160 

993 220 454 73 436 917 852 594 371 809 798 639 793 512 825 308 908 11 25 792 256 571 412 820 847 776 500 673 769 598 828 718 738 

191 350 951 818 490 782 204 986 80 934 899 536 953 991 778 754 709 

313 880 251 493 977 250 872 269 849 203 653 386 703 155 435 569 522 832 192 150 530 170 

807 139 984 364 583 72 548 316 946 349 36 662 89 76 279 37 983 469 397 39 806 284 235 678 124 168 393 456 686 889 255 736 7 563 387 910 

29 68 32 987 423 523 546 83 475 55 2 531 612 574 40 528 216 136 365 797 605 913 107 

77 283 385 711 925 851 663 104 146 619 253 455 971 824 114 591 570 480 901 331 486 477 224 

306 433 966 142 466 62 30 375 182 697 696 628 706 613 909 579 45 407 527 10 883 173 756 617 518 470 326 656 

238 784 473 309 84 180 133 666 939 117 960 701 328 985 310 905 609 521 437 795 275 781 499 526 943 947 608 376 70 541 922 237 

141 339 648 831 502 378 631 357 783 630 217 800 298 81 91 64 206 425 676 188 923 856 26 894 297 903 753 422 763 383 366 

867 588 293 43 611 239 225 938 362 360 143 814 842 595 524 

325 672 258 601 777 236 558 932 16 737 51 868 52 485 634 460 906 17 504 461 169 796 967 918 774 841 

681 13 115 544 780 265 296 322 974 882 572 757 60 959 474 

54 561 209 941 788 646 194 106 732 827 510 445 638 875 291 618 333 858 214 585 

384 741 978 702 671 596 241 303 

417 610 835 629 931 748 174 398 955 232 44 721 647 963 845 857 734 222 767 406 463 140 8 42 495 130 593 

208 810 587 699 790 212 919 979 933 21 125 764 438 625 

187 278 161 321 516 47 514 916 272 735 728 93 907 171 465 665 202 506 

811 996 327 280 879 815 635 876 88 729 440 920 687 799 129 823 627 861 448 401 992 186 103 607 134 464 895 930 330 501 196 566 655 768 822 762 149 53 997 126 144 

556 482 698 492 626 869 498 471 317 399 71 980 266 855 56 292 804 277 304 118 545 418 394 859 302 343 57 689 312 

132 244 131 752 210 307 181 9 

632 185 429 409 794 693 262 694 227 772 462 929 479 261 242 744 508 

513 451 550 846 677 351 968 988 33 760 61 162 837 459 893 153 719 428 75 319 450 457 215 538 274 488 717 708 877 15 373 92 342 975 834 770 829 885 586 408 367 761 152 685 167 442 

354 183 198 246 616 813 264 458 924 633 549 771 231 865 110 282 843 976 766 468 38 135 902 200 96 483 99 604 189 374 725 664 

871 347 219 812 314 4 332 112 201 927 726 353 82 28 584 79 424 443 742 853 669 254 

564 197 276 358 334 573 341 554 817 439 543 18 551 904 836 840 263 972 164 128 592 388 621 688 956 509 151 403 928 102 552 559 379 773 404 

494 957 484 890 1 286 389 747 567 532 226 335 5 34 989 122 958 722 211 121 109 205 707 

481 301 517 346 489 221 936 172 391 271 163 578 641 615 24 982 419 85 863 755 123 434 791 159 352 700 864 680 940 600 715 101 511 420 745 961 998 

323 288 315 785 575 176 562 175 249 657 758 218 533 660 382 413 199 90 260 560 808 

