numero di veicoli usati: 39
costo totale: 188695

29 794 770 829 834 975 885 586 408 367 761 152 404 744 508 442 167 685 365 797 206 64 91 990 622 14 534 952 297 540 753 844 515 370 965 127 427 683 300 565 962 712 299 3 

457 450 319 630 274 488 717 708 877 92 443 424 342 79 102 151 403 509 715 600 956 109 101 511 69 604 189 374 529 725 937 926 

181 9 664 242 884 268 623 254 289 582 233 942 31 369 311 675 949 361 157 467 589 690 597 

32 423 523 83 546 455 608 475 903 923 856 119 416 661 724 478 878 900 245 637 396 65 344 651 838 430 

215 673 538 776 783 357 378 531 55 2 612 574 40 528 136 216 605 913 224 477 486 422 763 525 670 

987 310 502 631 800 188 298 81 425 26 894 340 94 363 643 720 223 234 948 496 659 636 148 620 63 98 590 324 447 645 650 695 

632 185 429 68 409 373 15 217 676 742 853 669 773 684 379 559 552 928 961 420 745 259 998 248 356 733 749 642 751 74 78 178 444 862 969 97 35 441 886 537 105 

607 134 895 544 780 333 618 762 822 768 93 728 735 272 655 465 907 171 202 665 438 689 57 312 625 329 973 426 667 887 

260 380 808 66 999 195 935 819 821 285 86 691 682 252 410 519 

681 265 90 296 322 974 572 115 757 858 882 713 247 23 555 156 359 213 46 355 60 149 997 959 474 281 372 87 557 294 912 184 411 95 

660 13 510 875 291 920 47 823 861 401 186 448 516 916 514 764 212 919 495 855 979 21 125 343 302 911 581 400 415 

384 741 103 978 702 671 596 464 930 330 501 196 566 506 290 848 

896 487 207 542 716 520 390 839 576 19 50 6 

679 603 830 723 507 746 860 243 158 147 743 273 137 402 100 

190 165 692 348 27 888 

606 535 414 130 593 241 144 126 177 431 53 787 801 964 750 154 539 

452 179 303 338 585 214 392 453 874 854 954 714 759 897 58 950 

994 775 553 336 944 710 

320 727 730 873 945 614 577 270 472 287 658 229 881 652 568 779 230 870 580 

880 984 139 807 548 72 583 364 170 155 435 522 616 246 813 228 731 599 549 914 633 788 924 458 264 771 231 244 132 323 

350 951 818 490 782 204 986 80 934 899 22 826 295 644 536 953 991 778 257 654 640 754 12 915 765 674 142 120 709 668 740 160 476 20 

898 116 993 220 921 624 704 803 739 145 67 432 828 449 491 831 473 672 648 141 718 738 

547 802 316 946 349 36 662 89 421 59 368 816 279 76 37 983 469 397 39 806 284 235 337 456 255 649 395 705 7 563 387 602 866 345 108 49 318 910 811 996 736 610 835 417 556 867 

191 850 503 381 805 113 193 446 786 325 41 970 258 601 777 558 84 306 283 

313 251 493 203 653 386 703 832 192 833 377 111 393 678 124 168 150 530 405 561 889 686 327 1000 280 879 892 635 815 54 208 209 941 646 194 131 

943 947 107 471 317 498 399 992 933 292 56 980 266 222 767 734 406 463 140 42 8 

77 795 275 437 781 499 526 376 521 971 824 114 70 237 922 541 383 331 756 173 518 470 841 524 656 366 

385 239 611 43 293 588 482 698 587 161 106 129 799 687 440 729 88 876 810 321 699 790 71 869 44 721 232 955 398 804 277 304 859 394 

711 180 133 925 842 591 706 613 628 909 579 696 485 52 868 527 407 45 595 883 10 906 460 796 634 967 918 774 891 305 505 981 789 

339 309 609 905 328 985 253 146 619 701 901 480 570 17 504 461 169 326 497 617 166 267 138 

851 784 960 104 117 663 939 737 51 697 182 375 362 360 143 814 225 938 647 963 857 845 545 118 240 418 48 995 

666 238 16 236 932 966 433 30 62 466 174 748 931 629 626 492 278 827 627 187 

454 73 852 917 846 677 351 564 968 988 33 760 61 459 314 837 162 263 972 840 904 836 927 726 261 479 34 567 

793 512 825 308 908 11 25 792 769 571 598 256 412 820 847 500 75 428 153 262 693 347 694 227 772 462 929 

494 957 221 936 843 890 976 389 286 1 533 752 210 307 

809 639 798 871 719 893 584 28 82 353 940 688 434 755 722 211 123 121 958 122 989 

436 481 301 276 197 358 391 172 551 334 573 341 554 817 439 543 18 641 578 766 982 24 592 128 164 388 621 864 680 96 791 159 700 226 560 335 5 707 

977 849 269 250 872 517 489 346 569 198 183 354 484 163 271 282 110 865 288 785 575 315 732 175 562 176 218 758 657 249 638 445 382 413 199 

371 594 550 451 513 812 219 4 332 112 201 747 532 615 352 863 85 419 468 38 135 902 200 483 99 205 

