numero di veicoli usati: 64
costo totale: 337214

557 336 888 

775 42 414 130 241 474 60 959 214 453 874 53 997 126 202 177 801 787 290 

196 149 728 735 272 93 907 465 438 665 171 506 625 426 667 973 

289 94 31 937 542 520 87 912 294 184 411 95 

190 98 63 620 65 886 35 441 537 105 410 658 652 

613 706 591 570 480 901 331 756 595 841 418 545 118 240 48 305 505 981 147 743 911 581 

679 603 165 348 692 27 

9 207 66 472 270 682 714 897 759 954 964 154 

107 8 857 406 304 859 394 302 343 57 312 689 329 

909 628 485 868 52 45 883 796 169 461 774 967 891 995 789 553 944 

390 839 50 576 19 881 229 287 252 58 6 

903 224 477 723 962 860 243 

606 656 497 138 267 166 746 507 158 400 

593 144 281 372 392 431 854 750 848 

70 237 922 541 525 670 427 695 830 597 568 779 230 870 580 

457 215 450 319 378 502 631 800 55 2 297 952 

832 192 111 377 833 924 458 788 635 835 417 208 482 492 

283 306 385 77 711 437 275 795 499 526 521 781 

569 522 435 489 221 890 752 131 929 261 772 462 479 468 135 902 200 808 713 

677 351 564 276 988 968 358 197 543 334 573 341 554 439 817 128 164 592 388 621 688 940 509 956 600 420 242 

405 889 686 892 815 561 54 879 996 811 610 62 966 925 939 117 104 701 905 523 546 83 423 216 

556 867 293 588 30 466 611 239 43 

794 92 877 342 834 975 885 586 684 773 268 884 998 248 

985 310 987 29 32 442 167 508 744 404 254 623 

632 409 68 15 443 424 79 102 559 552 669 720 223 234 496 148 478 844 515 

75 274 488 708 717 630 373 770 829 227 408 367 685 152 761 363 534 14 990 622 

846 550 513 451 459 61 760 33 162 837 726 28 584 82 353 151 403 928 379 643 340 659 948 416 724 119 

180 960 851 133 609 328 146 253 619 422 753 540 

425 91 64 742 853 206 797 365 136 233 582 

608 947 943 913 605 741 607 

346 271 391 172 551 18 641 24 982 419 85 755 434 123 722 211 121 99 380 577 614 999 

301 936 532 226 5 335 96 483 560 90 260 355 539 

976 843 13 544 115 882 46 213 195 

114 824 971 173 524 273 415 

376 455 475 528 574 612 486 763 383 518 470 326 617 366 300 565 683 645 650 447 324 590 402 100 137 710 

181 199 681 992 401 186 292 933 21 212 919 764 125 887 

531 298 188 81 40 894 26 856 923 838 651 344 430 

567 34 989 707 664 205 725 189 374 873 156 555 86 950 

517 163 578 766 38 615 352 863 791 159 700 680 864 122 958 715 101 511 745 961 604 109 945 23 359 247 819 935 285 821 691 519 

972 263 840 904 836 927 112 747 389 286 1 533 758 218 657 413 382 

740 668 709 49 748 931 174 629 698 626 498 869 955 232 527 460 634 918 

209 771 106 249 562 445 638 875 687 129 823 321 

51 737 375 697 182 696 842 407 10 906 504 17 845 734 463 

307 210 660 827 510 627 

910 736 327 1000 280 587 161 278 810 876 699 790 71 399 398 804 277 222 767 140 

898 116 921 624 704 803 739 145 67 432 449 491 831 648 339 356 259 751 642 749 733 730 

993 220 69 529 727 320 

350 818 490 782 204 934 76 39 20 476 160 244 323 132 187 317 471 384 134 103 702 671 

547 802 36 662 806 235 530 150 616 813 865 288 282 110 175 315 575 176 785 780 895 596 

203 183 198 354 957 494 484 265 322 296 974 572 757 858 

246 228 731 599 914 549 633 264 231 732 941 194 646 729 440 88 799 920 47 861 448 516 291 514 916 618 333 464 978 

191 850 503 951 381 805 113 193 446 786 325 672 84 238 473 784 309 225 938 362 579 814 143 360 721 963 647 44 266 980 56 855 979 495 

493 436 893 719 153 428 693 262 369 675 361 949 467 589 

793 825 25 11 908 500 776 538 357 783 661 637 444 178 74 78 97 

454 73 917 852 594 371 809 639 798 308 871 219 314 812 347 694 942 926 

512 792 256 571 412 820 847 769 673 217 676 636 396 862 969 

421 59 816 368 899 536 22 826 644 295 765 915 12 674 120 866 345 142 433 994 

89 279 37 257 654 640 754 953 828 598 185 429 900 878 245 311 370 965 690 157 3 

986 80 41 970 258 601 777 558 236 16 932 666 663 535 

316 946 349 983 469 397 649 705 395 7 563 318 602 387 768 822 655 566 762 

807 548 72 284 337 456 255 108 778 991 141 718 738 127 299 712 

984 880 269 250 872 481 201 332 4 716 487 

139 583 364 386 703 168 393 678 124 155 501 585 330 930 338 896 

313 251 977 653 849 170 303 179 452 

