numero di veicoli usati: 34
costo totale: 212078

29 987 423 83 546 523 224 477 922 237 541 366 300 565 962 860 137 

512 825 25 11 908 500 538 776 274 630 783 357 800 217 425 81 298 188 531 612 2 903 297 753 540 650 447 324 590 695 692 402 100 

807 583 703 155 832 192 616 246 865 175 176 110 657 562 249 638 875 445 510 827 627 823 129 47 920 291 618 333 196 501 330 930 144 281 372 87 294 912 

220 73 852 917 846 760 33 61 837 162 263 972 341 554 817 164 128 592 863 85 352 159 791 123 121 958 122 96 211 722 200 560 90 260 727 320 207 716 520 

921 371 694 227 744 508 254 167 289 582 580 

350 381 805 986 80 41 970 601 258 672 309 473 784 851 663 591 706 613 628 485 868 52 527 10 774 841 418 48 995 789 891 305 505 981 158 147 400 

493 436 677 351 988 968 904 840 201 332 112 927 836 621 388 434 755 688 940 109 945 577 614 156 555 195 213 999 66 542 19 6 

67 432 449 491 831 146 328 985 310 253 619 901 480 570 17 504 461 169 326 470 617 497 267 138 166 746 507 243 273 

139 364 752 323 131 187 384 741 426 973 

880 203 653 354 484 957 494 286 389 681 199 34 181 9 487 896 

503 113 193 786 446 141 325 648 339 905 609 824 114 70 756 518 173 595 524 656 535 743 415 

738 32 605 913 608 525 670 190 

849 269 872 481 517 301 936 271 391 172 982 24 419 615 532 226 700 680 864 335 5 989 707 664 205 483 99 808 380 873 682 270 472 287 58 950 

316 946 806 284 235 337 255 889 686 456 405 111 377 833 813 228 731 914 549 599 924 892 879 815 635 941 788 194 106 646 729 440 687 799 88 876 21 979 292 56 855 495 130 978 241 667 184 411 

993 594 550 513 451 459 314 812 726 584 28 353 82 151 509 956 600 715 420 511 101 604 189 374 725 529 937 69 730 733 410 252 658 519 

898 803 793 639 798 308 893 153 719 428 693 829 794 770 92 443 424 342 79 559 552 102 928 403 745 961 259 749 751 642 97 969 568 779 230 

984 170 307 210 660 134 103 607 895 464 596 702 671 303 338 557 179 452 95 

739 442 685 797 365 233 136 675 949 361 157 467 589 603 679 

850 145 256 571 378 631 502 55 475 216 528 64 91 40 574 952 844 515 370 965 427 299 127 3 348 27 

951 204 934 22 826 295 644 84 238 666 433 62 142 966 180 133 925 939 117 960 701 104 737 51 696 909 579 45 407 883 906 460 796 634 918 967 240 545 118 394 859 302 911 581 

818 490 782 77 795 275 711 437 781 499 526 376 521 455 486 971 331 383 763 422 645 683 723 712 165 888 

283 385 306 239 107 947 943 606 336 710 

454 4 929 747 567 479 261 772 462 242 404 623 268 773 884 684 379 248 998 356 720 223 234 496 948 416 119 245 878 838 651 344 430 

313 251 977 250 564 197 276 358 334 573 439 543 18 551 641 578 163 766 38 468 902 135 882 46 713 359 23 247 935 819 821 285 691 86 897 

116 624 704 809 871 347 219 262 586 885 975 834 669 643 363 31 94 622 990 14 534 900 369 942 926 576 50 839 390 

36 39 469 397 649 705 395 7 563 910 610 736 811 996 835 417 482 492 698 587 161 810 699 790 212 933 186 992 401 919 764 566 125 343 593 887 

802 89 76 279 37 778 754 640 674 12 915 765 236 558 777 16 932 697 182 375 362 938 225 842 814 143 360 963 721 232 955 44 647 845 857 463 140 8 414 775 553 944 

547 421 59 816 368 899 536 953 991 120 709 668 740 160 556 867 588 293 43 611 30 466 174 748 931 629 626 317 471 498 869 71 980 399 266 804 277 398 222 767 734 304 406 42 994 

792 769 412 820 847 215 673 457 75 708 488 319 450 373 15 717 877 742 853 676 659 636 148 637 396 178 78 74 444 862 311 690 597 830 870 

191 718 828 598 429 185 632 409 68 408 761 152 367 206 340 894 26 856 661 923 724 478 98 63 620 65 886 441 537 105 35 229 881 652 

386 435 522 569 198 183 489 346 221 282 843 976 218 758 13 115 149 53 907 171 202 506 290 

349 20 476 244 132 288 575 785 315 533 1 890 382 413 296 265 322 974 572 757 858 474 585 214 355 60 959 392 453 874 854 714 759 954 964 750 154 539 

662 983 257 654 108 345 866 602 49 318 387 327 1000 280 561 209 54 208 278 861 448 516 321 514 916 768 822 762 735 728 93 272 655 465 665 438 312 689 57 625 329 

548 72 678 393 124 168 150 530 633 458 264 771 231 732 544 780 126 997 177 431 787 801 848 

