numero di veicoli usati: 63
costo totale: 292169

191 503 381 805 113 193 67 432 449 491 786 325 446 828 141 987 

313 251 984 880 235 284 649 705 395 7 563 387 910 736 

898 116 921 624 704 793 825 25 11 908 500 776 538 215 457 378 502 631 

850 803 739 145 512 792 256 571 412 820 847 673 769 598 718 738 

139 807 548 72 364 583 806 39 983 469 397 257 654 640 754 108 318 602 866 345 709 306 283 

316 946 349 36 662 89 76 37 778 953 12 674 120 991 668 740 160 

547 802 421 59 279 816 368 899 536 644 915 765 558 777 238 84 784 309 

350 951 818 490 782 204 934 22 80 986 826 295 41 970 258 601 672 473 831 648 339 

993 220 454 73 594 371 809 639 798 308 871 75 429 185 

670 617 497 138 267 166 789 995 48 305 505 981 158 400 415 

127 467 965 370 690 862 98 63 65 886 441 537 105 652 

741 702 596 895 464 196 501 930 330 474 214 874 453 392 750 848 

265 296 974 713 23 156 555 999 66 207 542 520 19 6 

808 380 577 873 614 270 472 287 229 881 568 779 230 870 580 

671 978 241 144 281 372 87 

190 299 712 723 962 746 507 743 147 911 581 

320 727 730 97 35 252 58 950 

401 514 916 212 919 495 979 764 125 566 130 343 438 312 57 689 329 887 

134 544 618 768 822 762 655 735 728 93 272 907 465 665 202 171 506 625 426 667 973 

322 115 757 572 882 46 359 247 819 935 285 821 714 759 954 854 964 154 539 

926 589 157 3 695 597 830 348 692 860 243 402 100 137 273 

606 656 366 300 565 683 645 650 447 324 590 838 651 344 430 

607 780 333 149 959 60 53 997 126 177 431 801 787 290 

679 390 487 716 50 839 576 603 27 

858 585 355 213 195 682 897 86 691 410 658 519 

303 338 593 557 912 294 184 411 95 

775 42 414 535 165 888 

179 452 896 994 336 553 944 710 

929 462 772 479 940 509 956 600 420 715 101 511 745 961 259 356 69 937 

423 83 475 528 2 612 574 40 894 26 856 340 234 223 751 749 642 969 

442 167 508 744 404 254 242 623 289 582 942 369 675 

694 584 28 82 353 688 434 123 722 211 121 99 109 945 733 

726 227 261 755 863 352 159 791 700 680 864 122 958 96 902 200 560 90 260 

181 9 

567 34 199 226 335 5 989 483 664 205 707 725 189 604 374 529 

719 153 428 274 708 488 630 717 92 877 443 424 742 853 676 659 948 496 416 119 637 148 636 396 620 

608 237 922 541 763 383 525 427 

632 409 373 15 68 408 367 685 152 761 206 797 365 136 233 643 363 94 31 622 990 661 724 478 878 245 311 

347 693 262 794 770 829 342 834 586 885 975 79 151 403 102 928 559 552 669 379 684 773 268 884 998 248 720 444 178 74 78 

29 216 605 913 486 903 224 477 297 753 422 540 844 515 

450 319 357 783 217 800 55 531 298 425 64 91 81 188 923 14 534 952 900 361 949 

703 832 192 228 246 616 813 175 176 575 785 1 533 660 

493 436 677 351 564 760 61 33 988 968 358 334 573 554 341 972 263 840 904 836 112 927 621 388 615 532 

852 917 846 550 513 451 459 893 162 837 314 219 812 332 201 4 

168 124 530 150 231 865 288 484 494 315 732 827 

386 435 522 155 489 346 183 354 198 282 221 976 843 890 389 747 286 

678 393 111 377 833 731 914 599 892 924 549 633 264 458 646 638 875 510 

20 476 54 879 635 788 771 110 758 218 413 657 13 

170 957 323 244 132 131 752 210 307 

977 849 569 517 271 391 172 936 163 551 18 641 578 766 982 24 419 38 135 681 

250 269 203 653 872 481 276 197 301 543 439 817 128 164 592 85 468 

337 255 456 405 889 686 327 1000 280 815 561 209 941 194 106 249 562 445 382 

666 180 133 925 939 117 104 628 909 613 706 591 570 480 901 504 17 841 

433 142 62 966 30 466 748 931 629 174 232 955 398 804 292 277 304 302 

385 711 437 32 523 546 521 526 376 114 824 842 814 579 407 45 883 595 524 

556 867 588 293 611 239 43 626 498 869 71 980 

208 587 161 729 440 687 799 129 627 823 920 47 291 516 933 21 56 855 

236 16 932 51 737 697 696 868 485 52 527 10 460 906 634 796 918 967 891 

77 795 275 499 781 947 943 107 384 

187 317 471 399 266 222 767 734 140 463 8 

310 985 146 253 619 455 971 70 331 756 173 518 470 326 169 461 774 418 545 118 240 

960 851 609 328 905 701 663 375 182 225 938 362 360 143 721 963 647 44 845 857 406 859 394 

49 996 811 610 835 417 482 492 698 278 810 876 88 790 699 321 448 861 103 992 186 

