numero di veicoli usati: 27
costo totale: 165138

313 251 181 9 487 896 

807 583 703 330 544 832 192 813 228 246 616 510 231 833 377 561 280 21 1000 587 876 88 272 920 47 823 202 176 115 322 843 296 413 766 163 578 713 247 23 551 213 759 954 714 468 90 221 849 539 880 

269 872 199 481 301 532 936 615 641 352 159 791 96 722 211 755 691 434 121 109 945 162 837 509 600 353 82 403 928 259 733 219 410 744 227 694 229 881 652 390 116 

59 283 385 306 77 782 795 943 947 499 781 237 922 158 784 173 570 117 17 504 981 601 901 480 960 326 497 258 470 518 617 507 905 366 541 521 526 273 606 805 415 710 

316 667 284 235 337 255 705 395 736 811 996 212 54 764 879 635 514 941 456 208 209 161 810 699 790 321 516 448 566 241 671 294 452 95 

113 446 449 502 55 531 298 81 91 64 769 40 590 188 923 631 753 724 215 478 783 538 776 274 636 676 659 717 396 178 444 862 690 157 597 603 850 

29 830 467 361 528 574 612 2 903 650 540 447 324 695 67 475 828 692 348 402 100 

493 977 250 567 747 276 197 700 968 988 680 760 33 263 840 864 99 836 927 261 205 677 989 34 5 335 483 808 260 564 380 873 682 270 472 550 69 730 252 772 917 542 6 

984 170 203 653 286 681 453 489 346 517 271 391 172 543 334 573 341 554 817 128 439 85 982 902 882 282 431 572 758 110 657 53 175 997 575 785 533 1 858 660 210 848 303 338 87 

548 72 131 702 244 506 678 124 393 405 111 889 815 892 735 728 93 924 599 171 264 549 914 633 106 768 788 194 799 687 440 729 646 458 731 771 249 562 149 13 974 135 38 419 359 18 200 195 358 226 560 999 66 707 207 

145 598 370 534 792 14 878 450 416 344 500 148 620 488 708 877 443 424 234 908 853 742 496 948 65 637 894 75 92 886 223 751 74 35 97 441 537 308 798 639 576 

921 624 704 167 508 809 404 623 254 233 136 365 31 942 675 949 589 926 679 580 

350 951 204 986 80 275 524 84 842 595 925 238 789 939 777 460 891 240 236 932 51 16 10 628 995 133 711 826 8 414 107 775 944 

898 803 582 289 793 512 369 206 11 340 586 684 871 347 749 262 794 770 829 693 642 885 975 342 78 79 428 102 153 719 552 559 105 669 834 720 379 248 356 884 969 152 568 779 230 870 

193 608 141 339 656 851 591 663 970 505 104 305 918 737 906 706 613 909 579 45 418 48 696 868 883 407 527 485 634 796 169 461 841 774 967 52 558 545 697 118 966 859 394 362 375 666 814 147 295 22 934 400 553 994 818 

739 442 685 797 367 408 761 268 773 643 825 363 311 94 185 952 844 256 515 965 127 216 3 27 

993 220 73 594 287 479 846 351 61 459 314 28 893 584 151 715 451 101 511 513 420 812 998 961 745 726 604 189 374 725 529 727 664 58 716 520 

887 39 983 469 556 160 740 257 108 804 345 277 866 748 602 931 343 387 292 49 318 629 835 689 910 417 698 278 627 861 401 992 186 919 649 130 495 492 56 57 312 482 625 426 184 411 

738 32 913 987 523 546 83 299 423 224 477 525 712 427 376 670 190 165 888 

802 89 279 816 368 42 140 953 991 709 668 867 588 266 293 611 911 239 225 938 857 963 915 182 143 360 12 721 44 30 62 674 232 955 222 767 406 463 734 120 304 302 640 754 778 43 76 421 547 

349 806 741 476 132 607 752 307 323 144 134 895 168 732 827 333 445 638 875 907 291 916 129 196 530 150 501 930 315 474 265 484 392 585 780 126 288 959 177 60 218 874 355 854 964 389 154 

950 454 4 929 852 462 242 519 937 658 371 19 50 839 

179 946 20 187 329 471 37 317 397 973 384 103 464 596 978 593 662 36 557 912 

381 336 535 743 437 41 325 70 672 309 609 971 310 985 146 746 701 138 824 114 267 756 473 166 328 331 383 619 831 763 486 422 645 253 565 962 455 723 683 491 860 300 243 786 648 137 503 191 

605 718 432 297 378 571 412 820 847 673 457 856 319 630 661 357 800 98 425 26 15 25 622 990 900 373 245 119 63 217 651 838 430 409 68 429 632 

139 364 386 155 435 214 354 890 976 46 24 592 164 388 156 621 122 688 940 956 577 614 972 958 555 819 935 863 285 821 123 86 904 897 201 112 332 436 320 

490 581 899 536 644 180 845 765 433 647 142 466 398 174 654 869 498 399 626 980 71 855 610 979 7 563 933 327 125 686 655 822 465 438 665 762 618 787 865 801 757 522 198 382 569 183 750 957 494 372 281 290 

