numero di veicoli usati: 33
costo totale: 161492

459 314 28 584 151 940 688 956 715 511 745 101 189 374 529 873 380 682 270 472 252 

846 61 760 33 434 123 334 341 554 817 128 439 543 592 164 722 573 755 691 121 109 577 614 972 958 555 358 226 999 66 207 

493 351 276 197 968 988 680 840 263 836 99 864 156 388 621 122 261 242 725 727 

4 929 181 34 989 335 483 700 560 260 296 322 213 759 714 954 854 964 

977 269 872 481 489 346 517 271 902 172 391 578 301 976 46 24 419 982 38 532 615 641 551 359 18 352 195 159 791 96 200 23 713 247 819 935 85 863 285 821 211 86 904 897 808 

349 20 476 811 996 835 417 698 187 384 452 896 

251 653 386 155 435 354 890 1 785 575 176 149 562 249 638 875 907 599 291 924 916 125 438 426 184 

316 946 806 235 337 255 705 395 736 1000 280 815 686 561 54 208 278 401 186 919 979 855 978 241 912 

984 752 307 533 780 997 445 333 827 732 627 530 393 506 103 464 596 303 338 87 

89 279 59 368 899 536 991 306 867 588 293 611 239 317 471 498 869 399 980 222 767 734 463 8 

364 895 544 832 192 813 228 246 616 175 510 231 618 771 762 129 941 161 321 699 790 209 456 448 566 130 593 557 

39 983 469 257 108 866 602 668 709 433 142 466 174 182 143 360 955 304 118 394 859 302 57 625 

72 134 124 678 405 111 889 892 735 728 93 458 264 171 731 549 914 633 106 768 788 799 635 440 729 646 194 514 587 876 88 272 920 687 47 823 516 861 196 150 168 930 501 202 833 822 655 465 665 377 126 177 865 53 787 290 

807 548 132 110 115 858 474 392 750 154 

80 275 84 842 595 925 238 789 939 970 591 570 117 981 169 796 485 918 52 51 558 240 697 845 666 814 915 375 362 966 232 277 345 748 49 318 629 56 910 610 7 563 933 327 21 879 810 764 212 992 649 482 492 495 556 397 

782 934 22 826 295 180 147 995 579 45 418 48 628 10 891 906 460 305 505 601 901 960 480 497 258 518 166 746 328 971 905 366 243 541 70 672 138 267 473 784 158 656 524 437 743 781 499 535 

76 37 160 740 626 71 312 689 292 387 343 931 804 398 654 266 778 43 406 754 640 120 674 62 30 44 721 12 963 857 647 938 225 953 140 911 42 581 414 107 385 283 816 

6 950 993 520 58 542 320 436 664 287 917 852 772 227 694 809 623 152 639 798 884 684 586 379 749 35 105 642 693 308 834 886 424 908 223 78 428 153 719 928 961 812 513 451 726 604 550 205 564 5 747 539 880 

179 294 583 848 323 210 372 494 957 183 453 681 389 221 90 199 936 163 468 766 135 882 974 282 218 522 757 60 959 330 144 607 244 702 671 131 284 667 741 973 329 421 662 36 887 802 547 818 994 553 951 350 

739 582 289 371 658 519 744 410 219 730 69 420 403 893 82 353 600 509 837 162 945 927 677 201 479 112 332 707 567 250 849 203 286 484 265 585 214 198 382 569 413 874 355 843 431 572 758 13 657 801 288 315 703 660 281 170 139 

191 381 336 805 913 32 605 718 299 224 83 432 67 475 828 185 429 68 409 622 373 15 894 65 948 717 708 742 853 92 75 340 25 206 825 408 369 311 797 365 632 675 361 467 603 576 19 390 116 

503 606 526 521 376 608 712 648 786 300 455 683 491 962 253 831 619 486 650 447 55 2 297 378 631 820 412 571 256 590 769 215 98 217 661 783 538 776 274 676 659 620 148 500 344 416 26 119 856 838 878 14 792 534 370 216 692 738 348 100 850 

145 598 457 450 319 488 630 877 443 425 81 91 64 40 574 952 844 515 965 645 565 723 324 695 27 888 944 

490 77 795 943 947 237 922 525 670 775 190 165 137 

921 624 704 871 347 262 794 770 829 885 975 342 79 102 552 559 669 643 720 234 496 636 63 651 430 402 

204 644 765 777 236 932 16 737 104 663 706 613 909 696 868 407 527 883 634 17 504 461 841 774 967 545 400 411 95 

442 685 761 367 363 268 773 248 998 259 356 733 229 881 652 

986 41 325 141 339 309 851 133 711 609 701 824 114 331 756 173 326 470 617 507 860 273 415 710 

113 193 446 449 502 146 985 310 987 523 546 423 531 298 612 903 477 383 763 422 753 540 427 127 949 157 589 3 679 

29 830 528 136 233 31 94 990 900 637 751 74 97 441 537 568 779 230 580 

898 803 793 512 11 673 847 357 800 188 923 724 478 245 396 178 444 969 862 690 597 870 

220 454 73 594 462 404 508 167 254 937 942 926 50 839 

313 9 716 487 

