numero di veicoli usati: 30
costo totale: 161227

921 73 594 459 314 28 584 151 940 688 956 715 101 511 745 259 733 727 873 380 99 555 819 85 935 285 211 821 86 897 808 564 5 

181 9 716 487 

993 220 454 846 61 760 33 122 958 434 123 334 341 554 817 128 439 543 164 722 573 755 691 121 972 109 614 577 270 682 472 252 

653 435 489 346 517 271 46 391 172 24 135 882 38 902 982 419 200 23 713 247 18 359 551 213 759 954 714 578 163 468 854 964 154 

313 251 977 269 872 481 301 354 890 976 936 532 615 641 352 195 358 700 335 989 242 725 374 189 529 937 

493 351 197 276 968 988 840 263 836 864 680 621 156 388 863 592 159 791 96 904 483 226 560 999 66 207 

4 929 462 261 34 260 296 322 392 750 

113 41 325 446 141 339 158 851 309 609 146 746 701 901 601 505 104 981 117 570 663 784 114 824 138 267 756 331 383 473 173 258 480 960 326 497 470 518 617 565 507 166 415 

991 953 938 433 12 721 44 674 142 466 647 963 143 915 360 30 62 232 955 734 463 8 767 304 120 406 775 

986 295 644 180 133 306 711 795 77 239 611 814 666 182 45 579 909 995 613 706 970 591 656 524 943 947 237 922 670 273 

204 899 536 225 857 845 765 418 48 906 777 460 891 240 236 932 51 16 52 737 558 696 868 407 527 883 628 634 796 305 169 504 17 789 238 841 939 461 485 967 918 774 10 545 697 118 966 859 394 362 375 147 595 925 842 84 400 

950 6 116 390 704 19 520 58 542 320 436 287 917 852 658 371 152 639 884 684 586 379 35 105 834 908 424 853 742 708 717 948 65 92 75 894 15 373 622 409 68 429 185 370 67 475 828 361 467 830 216 605 913 32 738 

179 294 583 848 323 210 281 660 703 315 780 288 575 959 522 757 60 801 176 149 333 997 544 168 895 134 244 702 131 284 667 741 973 329 397 37 76 421 662 36 887 802 547 818 994 553 782 283 816 385 581 414 107 934 80 381 

576 582 289 227 410 219 730 69 726 513 420 812 961 928 403 893 82 353 600 509 837 162 945 451 604 550 927 205 677 201 479 112 332 707 567 250 849 286 957 484 265 585 214 569 413 874 355 843 431 572 758 13 657 53 865 330 144 607 671 139 

350 951 336 805 606 535 275 22 42 43 778 140 911 826 437 743 781 499 526 521 376 608 712 786 648 541 70 672 366 243 905 328 971 300 455 683 491 962 253 831 619 486 650 447 297 2 55 432 83 224 299 718 692 348 100 503 

880 170 539 203 372 494 389 681 453 183 382 198 218 282 974 766 90 221 199 747 664 772 519 744 694 809 623 798 308 693 642 749 719 153 428 78 223 886 340 25 206 825 408 369 311 797 365 632 675 603 739 850 191 

898 442 685 761 367 363 643 669 773 268 31 94 990 900 942 926 679 50 839 

193 449 631 847 673 457 838 450 416 319 344 488 620 148 630 538 776 783 357 800 425 119 64 91 856 81 188 923 724 478 215 98 661 63 217 651 430 878 14 792 534 

167 508 404 254 233 136 949 157 589 190 165 27 888 

624 871 347 262 885 975 342 79 102 552 559 998 356 248 720 751 74 97 441 537 568 779 230 870 580 

29 987 423 523 531 820 298 412 571 612 574 528 40 769 590 952 378 753 422 645 723 860 137 

803 793 512 11 794 829 770 877 443 234 496 659 676 636 274 500 26 637 245 396 178 444 969 862 690 324 695 597 881 229 652 

145 598 502 985 310 546 903 763 477 525 427 540 256 844 515 965 127 3 402 

89 279 257 108 804 345 866 602 931 343 689 835 910 417 698 186 992 919 130 593 557 912 

984 364 386 155 832 192 813 228 616 246 110 785 533 1 562 445 510 231 827 732 150 627 377 823 516 861 103 596 464 678 393 530 196 506 978 241 452 95 

39 983 469 482 395 705 736 811 996 212 54 208 278 209 161 321 514 687 920 916 106 822 833 202 501 930 126 177 787 290 

807 548 72 124 405 111 129 892 272 768 633 914 549 731 171 264 771 175 249 638 875 907 599 291 762 618 115 858 474 87 

349 20 476 132 752 307 187 384 303 338 896 

316 946 806 235 337 255 889 561 764 1000 280 815 635 799 788 941 47 194 924 458 646 729 440 93 728 735 686 587 876 88 879 790 699 810 456 448 401 566 655 465 665 438 649 625 426 184 411 

490 59 368 709 668 867 293 588 654 398 174 869 498 471 317 160 740 399 266 222 754 640 626 980 71 855 610 979 7 933 327 125 21 563 387 292 49 748 277 302 318 629 57 56 312 492 495 556 944 710 

