numero di veicoli usati: 151
costo totale: 192043

130 405 420 287 806 874 612 

778 181 241 978 359 975 55 20 989 

994 347 215 196 939 125 554 678 639 506 422 

271 660 221 952 467 376 131 561 809 

219 954 509 343 43 186 72 957 635 

149 766 494 661 348 633 

862 475 523 912 578 722 649 

576 360 689 314 317 76 270 

232 36 378 414 311 709 601 

218 153 344 864 291 

170 711 871 592 8 83 288 

922 734 512 869 676 560 568 782 

842 499 245 

60 745 510 

109 67 4 826 119 104 

787 827 

497 524 868 839 735 562 648 168 195 602 357 

103 724 33 366 137 

542 332 546 653 

389 811 618 407 

202 159 955 56 163 

256 176 821 10 

783 132 772 381 19 996 

235 459 943 

932 666 157 30 252 938 385 895 865 

667 500 415 81 674 780 456 

697 77 700 901 325 

881 276 835 879 374 

704 908 457 669 

110 247 417 684 600 49 587 429 387 942 383 

74 928 

213 275 31 701 503 39 441 338 614 699 

68 634 625 729 796 

223 

656 358 763 533 631 

487 463 54 193 184 303 643 295 767 

710 96 35 

141 89 372 13 105 

911 

139 477 818 115 268 326 513 997 82 

558 64 154 187 564 968 580 465 889 

26 117 307 556 158 316 604 200 514 747 

489 48 882 416 707 135 51 

122 588 179 424 525 331 

790 306 799 

854 927 516 

899 511 920 

960 876 793 37 427 1 147 472 993 519 

775 299 

726 813 491 795 162 398 855 603 521 144 

21 967 

992 905 759 205 733 

28 983 164 644 

712 986 

486 

209 679 953 605 720 823 112 

696 229 294 969 207 822 490 146 44 

738 897 78 124 280 749 34 705 5 

708 597 234 99 641 150 

555 536 188 116 70 322 204 

984 508 891 973 686 

848 128 814 950 25 228 191 355 833 771 

434 642 624 892 

838 640 45 350 

849 152 910 304 557 803 180 236 852 

645 458 368 300 

80 875 203 545 470 

73 816 737 367 442 959 

774 904 974 598 

250 590 924 454 870 

156 335 

308 453 744 581 630 

161 817 856 440 776 11 972 526 

872 725 988 538 

123 995 727 550 334 760 437 615 

903 133 672 998 728 565 

249 757 548 102 451 

66 136 199 182 

582 50 779 432 352 12 261 567 

808 496 412 425 413 522 

622 540 127 713 741 93 

198 269 991 812 611 

165 971 773 

841 

575 169 797 94 756 

754 608 312 

365 

723 404 830 430 423 721 898 687 

439 520 24 121 468 284 481 769 16 3 

638 609 985 610 61 106 

792 259 69 866 

59 859 380 224 688 768 693 274 919 369 

663 484 293 178 670 837 436 840 619 

302 18 22 171 923 238 926 539 981 

460 574 982 961 659 32 285 177 23 349 

79 63 173 172 277 101 845 

690 479 909 340 834 

282 42 888 384 253 

426 647 62 551 166 461 455 478 

946 327 57 878 333 321 183 925 97 569 

824 151 966 143 428 980 632 214 

65 694 485 142 541 

770 915 15 371 239 751 278 970 

844 753 527 

313 410 402 222 113 258 298 807 

38 126 599 947 226 41 482 962 572 

804 820 160 629 553 748 563 755 

138 29 305 657 493 863 341 52 685 

703 655 595 111 400 330 189 281 

858 964 495 9 585 

1000 746 934 719 902 315 290 658 987 129 613 267 

447 680 473 846 98 329 227 90 584 916 255 

616 86 345 409 248 583 498 

212 95 731 444 471 921 941 894 297 

718 944 174 480 750 118 391 

885 637 401 765 758 449 108 283 530 

517 651 607 594 6 570 810 794 

361 337 58 296 120 781 185 800 

544 654 937 373 206 469 75 7 662 

140 979 107 502 403 930 309 646 87 

606 289 914 396 917 47 406 935 286 244 

673 155 210 225 948 965 114 505 320 589 831 

148 411 789 861 716 370 883 

394 377 386 788 254 743 559 257 

650 230 91 464 621 537 

14 752 936 785 784 362 805 

435 262 853 543 336 945 586 

593 220 956 363 918 

339 675 815 623 761 

949 825 579 419 217 431 951 85 175 850 671 

190 717 843 742 145 698 739 836 92 452 

873 243 324 211 958 375 880 390 860 

53 617 488 534 999 354 356 

929 216 342 531 266 233 421 730 

263 379 977 504 681 518 596 777 88 762 

395 907 913 466 346 272 450 237 445 626 

433 446 896 492 242 2 547 532 

695 732 764 736 438 301 319 

515 963 265 829 246 857 636 

260 683 134 791 279 443 798 976 

620 652 17 535 668 847 318 

677 418 167 886 566 571 408 549 

893 462 208 476 251 900 353 851 192 474 501 

201 46 100 397 399 887 

706 931 292 351 

802 714 906 828 40 877 

819 702 628 388 740 627 715 393 27 

890 884 867 197 382 231 392 84 664 264 

448 573 786 364 71 552 801 529 665 323 

692 273 691 194 507 577 483 240 591 990 832 940 528 

328 933 682 310 

