numero di veicoli usati: 155
costo totale: 184458

792 259 151 525 325 336 945 729 796 

638 609 614 519 106 

59 121 468 284 481 769 16 3 762 

574 982 961 32 285 177 23 349 860 

596 777 759 205 551 166 88 664 264 

844 753 527 721 461 455 898 687 

571 698 739 836 92 452 

867 197 393 665 356 895 865 632 

618 7 391 

647 416 707 135 382 231 528 323 

79 985 63 993 456 

690 183 925 851 192 662 

880 24 224 659 171 923 340 97 569 

352 470 837 436 850 671 

520 688 768 693 274 919 369 

492 242 143 428 855 383 214 

900 346 272 450 237 445 626 

859 380 22 479 909 834 501 

824 48 882 966 69 2 832 940 603 521 144 

723 62 424 331 733 392 84 532 

878 670 539 981 840 619 

404 830 430 423 918 547 586 

302 18 282 42 888 408 549 

283 530 794 319 

173 172 277 101 845 

915 15 371 239 384 253 

625 980 699 866 

407 694 485 142 877 

751 278 970 

51 516 610 61 541 

743 559 257 831 916 267 297 255 

390 333 321 353 238 926 474 478 

992 738 395 663 484 641 150 

710 96 700 901 460 182 

28 983 

704 908 457 161 817 744 581 328 

808 496 263 418 167 886 566 

136 677 977 504 681 518 

873 80 50 324 211 57 

235 944 841 608 312 220 956 363 

308 582 243 379 958 375 

544 654 754 593 45 350 585 

66 708 597 476 251 

68 890 95 731 265 829 

122 138 964 493 863 

462 249 875 203 779 432 545 

394 377 629 553 748 563 755 

667 313 435 262 

911 

73 816 190 717 843 742 145 

775 299 459 

838 640 737 367 442 959 543 

140 979 113 71 

361 337 58 583 258 446 

247 260 

1000 29 637 305 657 341 52 685 426 

74 928 

223 

697 893 453 208 439 946 327 293 178 

26 117 718 517 651 411 

703 515 963 449 

21 967 

489 858 160 156 335 495 9 

110 53 

712 986 

819 

881 358 

726 606 289 

695 463 

77 905 897 856 412 99 

616 86 345 409 902 315 

746 885 401 765 758 386 788 

706 

213 148 365 199 234 373 206 853 

932 804 820 937 770 

306 799 35 607 630 

141 89 

790 656 943 

655 433 254 

673 212 934 719 498 884 

14 650 

487 802 

854 927 

486 201 

128 949 216 969 822 342 531 233 730 

696 133 783 132 852 998 355 996 

848 903 929 825 130 405 420 287 806 19 

555 536 910 304 557 803 672 862 5 44 772 635 

198 269 736 922 125 

872 188 714 906 347 215 196 939 554 678 

622 127 994 833 771 957 612 

164 644 334 760 437 933 682 310 

389 236 705 912 578 381 

250 732 764 438 509 343 43 186 72 

276 835 920 124 280 749 34 146 750 266 421 

540 713 

879 727 550 25 228 191 217 594 6 40 

763 533 631 78 776 972 913 951 469 75 

811 526 522 615 451 85 175 

899 511 229 294 207 490 431 174 480 118 

725 988 575 991 4 

849 152 814 180 475 523 722 649 828 

669 757 425 102 413 12 261 567 

590 924 116 70 741 93 204 728 565 

123 995 950 579 419 219 954 874 789 861 716 370 

374 440 548 11 907 466 

296 120 225 666 157 857 636 

960 679 971 781 246 500 415 

448 573 786 364 534 552 30 990 

410 402 222 488 275 999 701 39 252 441 354 

38 599 403 930 309 279 31 503 604 200 27 

620 652 434 396 917 842 499 

372 645 165 914 330 948 189 800 281 290 

876 458 965 

209 54 

139 477 984 508 891 

752 936 368 482 962 303 10 

702 628 107 210 111 307 556 715 387 942 976 

126 947 400 185 298 807 

155 248 896 588 179 801 529 

339 675 194 507 577 483 240 795 162 338 

447 680 473 846 502 388 134 791 813 491 158 316 591 

46 818 

230 91 642 184 785 

692 273 691 98 329 227 366 

558 64 774 444 103 724 33 427 623 

417 684 624 784 245 

617 595 683 740 627 443 798 

931 292 226 41 429 815 137 1 

320 

793 37 720 232 978 359 975 55 76 709 270 

115 268 326 974 36 378 414 311 989 601 

271 660 221 314 317 295 780 

454 812 734 512 67 560 8 83 602 357 

904 300 778 181 494 344 864 291 90 

973 170 351 241 711 592 561 20 809 288 

497 524 868 839 676 568 782 506 244 

870 869 826 119 887 810 883 

256 513 81 398 938 385 

154 600 49 587 564 576 689 653 362 968 580 465 889 

542 332 546 643 674 147 472 

686 471 921 935 871 661 348 823 112 

202 47 406 955 56 163 584 105 

611 827 104 65 

193 187 892 149 668 952 467 376 131 633 894 

773 464 360 766 153 646 318 

169 797 538 598 17 535 735 562 648 168 195 422 

60 787 159 286 505 658 987 87 767 

218 114 129 613 

997 514 747 

176 821 847 761 805 

621 537 572 13 

953 605 94 756 100 109 397 399 639 301 570 

322 745 510 941 108 589 

634 82 

