numero di veicoli usati: 152
costo totale: 179057

218 202 159 286 941 613 

482 303 429 643 147 472 993 519 

988 991 812 347 215 196 939 861 370 

91 652 434 271 149 668 952 55 20 809 989 

931 292 774 193 187 892 36 378 414 311 709 601 

444 917 256 176 821 847 362 173 

454 797 94 756 397 399 560 506 422 883 

322 509 343 43 186 72 716 266 233 421 730 

230 620 684 49 660 221 314 317 76 270 

64 115 268 17 535 975 8 561 83 288 

752 936 624 227 784 245 674 780 456 

46 953 326 538 100 109 67 108 

611 204 728 104 530 

497 524 868 839 676 568 782 244 

984 508 904 300 778 181 494 344 864 90 584 105 

973 170 351 406 935 955 661 129 

417 154 600 587 564 576 360 766 153 572 13 

965 114 505 658 987 646 318 172 

575 169 974 598 735 562 648 168 195 602 357 

60 787 827 916 

842 499 513 81 514 747 865 

458 642 184 542 689 291 968 580 465 889 277 

558 818 605 241 711 871 592 348 823 112 

891 686 47 745 510 56 163 87 767 

924 870 869 826 119 887 570 810 

396 962 785 332 546 653 295 805 

269 922 734 512 4 125 554 678 639 301 828 

477 793 37 720 232 978 359 467 376 131 633 894 

800 281 997 761 

773 464 471 921 621 537 634 82 980 

407 

971 914 103 427 623 

448 573 786 364 534 552 999 801 30 356 855 

305 657 341 315 416 707 135 231 

617 846 502 740 275 31 701 39 441 385 895 

262 758 498 884 824 259 151 966 69 

979 210 120 225 666 157 492 242 609 

337 58 248 583 258 446 298 807 638 79 

435 400 185 330 948 189 500 415 

345 409 296 113 896 588 179 867 197 143 

165 226 41 309 724 33 443 798 591 990 

433 410 402 222 71 307 556 715 393 428 

692 273 691 98 329 366 137 1 

702 628 388 577 483 503 604 252 354 614 

515 963 595 111 781 246 857 636 976 

38 126 599 947 930 507 279 387 200 338 383 

155 107 488 134 791 813 491 158 316 529 665 

447 680 473 403 683 627 942 27 938 603 521 

339 675 194 815 240 795 162 398 

95 731 765 863 647 62 424 525 

719 902 48 882 382 832 940 

645 368 10 

254 449 290 

386 788 265 829 723 792 

695 

122 138 

235 66 597 880 

808 496 263 418 167 886 566 571 961 

697 893 453 379 958 375 574 982 121 

462 249 875 203 779 946 293 178 

26 654 816 190 717 843 145 777 

746 885 964 350 585 543 

489 544 160 156 335 442 959 495 9 

616 86 629 553 748 563 755 

77 905 395 663 

838 640 737 367 45 220 681 859 

117 718 944 841 608 312 956 363 

708 136 199 234 373 206 853 

992 738 208 476 251 

673 140 934 

703 655 

710 96 700 901 607 

606 29 637 401 493 52 685 426 

141 

313 890 

377 212 

247 53 

819 

704 459 

394 289 

110 

726 

932 804 820 365 937 

73 677 977 504 59 24 

68 

911 74 

706 

775 299 517 651 411 

790 28 

308 582 243 324 211 520 

667 361 

873 80 50 439 327 57 878 

213 1000 148 

14 

487 802 

854 927 

486 201 

858 754 593 742 518 596 

899 511 229 294 490 705 5 44 772 

960 876 

849 152 910 304 557 803 130 405 420 287 806 

306 763 533 11 907 913 615 

983 164 644 78 124 280 749 34 146 217 431 

881 276 835 920 727 550 334 760 437 933 

139 679 725 736 438 

799 817 744 856 460 484 641 150 

848 123 995 814 950 180 579 419 475 523 

943 161 897 757 548 432 545 352 

21 872 714 994 862 998 

908 457 669 440 412 99 182 770 

650 35 581 630 328 

712 903 929 825 822 342 531 

89 198 764 906 219 954 355 

928 250 732 116 70 741 93 

128 949 216 969 207 25 228 191 912 578 

986 536 188 672 236 852 

260 

656 358 879 631 776 425 413 522 

967 555 622 127 713 

223 696 133 783 132 618 

209 54 590 540 

463 372 374 389 811 102 972 526 

844 753 527 721 461 455 898 687 

2 528 323 

468 688 768 693 274 919 369 

470 353 238 926 539 981 501 

830 205 551 166 84 

331 733 836 392 92 452 

333 321 670 837 436 840 619 

381 85 346 272 450 237 445 626 

380 224 659 32 284 285 177 23 349 860 

874 174 480 750 118 391 

900 183 97 569 

390 171 481 769 16 3 762 

302 18 22 430 423 918 547 532 

565 957 612 996 694 142 877 

451 466 850 671 

19 649 682 310 485 794 255 

722 951 469 175 7 662 

12 261 567 925 851 192 474 

985 63 699 144 632 214 

404 759 698 739 88 664 264 

833 771 789 594 6 75 40 319 

625 51 516 729 796 106 

282 42 888 923 408 549 

690 479 909 340 834 478 

635 65 283 831 610 61 101 845 

915 15 371 239 384 253 

743 559 257 970 

751 278 

325 336 945 586 866 

320 589 267 297 541 

