numero di veicoli usati: 98
costo totale: 155986

697 893 607 630 328 770 302 915 264 532 

459 161 440 548 102 451 192 474 

77 905 395 663 484 333 321 340 834 

696 133 672 475 523 355 771 957 485 142 

230 620 154 187 36 378 414 311 989 601 

899 511 229 294 207 25 490 480 750 118 40 

64 115 268 326 17 535 711 592 633 112 267 

66 453 379 958 375 886 566 571 698 739 

14 417 684 600 49 587 660 221 314 317 291 823 

838 640 737 367 45 220 681 859 380 166 455 

433 410 786 534 275 31 441 938 385 895 214 

680 473 846 502 683 740 813 491 556 715 316 27 614 

117 73 754 593 717 145 777 759 205 430 664 

656 358 879 727 550 334 994 509 343 

212 95 731 265 829 298 807 609 985 

26 944 816 190 843 742 518 596 551 88 

448 573 791 279 387 942 591 855 521 144 866 

848 903 929 825 228 191 287 806 874 789 996 570 

400 724 33 443 240 162 398 472 993 519 

928 198 764 736 438 922 734 512 125 301 831 

914 396 962 303 10 643 761 173 610 

140 979 210 896 801 393 990 832 940 528 323 

123 995 814 950 180 579 419 912 722 65 

308 582 263 418 167 574 982 961 468 768 349 549 

486 558 818 953 605 974 598 735 562 8 288 

555 536 188 219 954 215 861 716 370 883 319 

667 254 330 948 842 499 256 176 320 

673 155 402 222 364 999 701 39 252 354 356 603 

96 763 533 631 972 526 615 751 

110 53 447 599 403 930 309 103 513 997 82 

361 337 58 248 113 71 552 30 529 665 

849 152 910 304 557 803 405 420 217 431 951 469 75 

148 937 495 9 585 426 259 547 478 

873 80 50 208 476 251 880 390 22 171 923 539 981 501 

487 802 725 269 538 100 109 397 399 560 

128 949 216 969 822 130 342 531 174 682 310 

706 686 47 406 56 163 894 297 

616 86 345 409 902 48 882 143 2 

21 250 732 991 870 67 4 119 887 530 

746 885 637 305 657 341 315 416 966 69 844 

710 908 457 757 779 545 352 470 353 238 926 840 619 

712 540 713 60 787 159 286 941 108 257 970 

790 28 799 389 236 705 578 649 828 

235 365 373 206 641 690 479 888 918 461 898 687 

675 226 41 329 366 674 780 456 

695 209 679 575 169 797 812 869 589 

971 444 917 821 847 318 277 101 

876 891 300 464 766 344 90 

122 804 964 52 424 331 733 836 92 452 

138 401 493 685 647 62 325 285 23 16 

1000 29 719 707 135 382 231 392 84 

692 91 652 434 271 149 668 153 572 13 

136 677 977 504 59 224 659 32 177 769 3 

46 988 94 756 868 648 168 195 602 357 

960 454 973 170 351 871 661 348 584 

544 654 748 563 755 498 884 290 625 729 796 

984 508 904 778 181 494 467 376 131 561 83 

927 617 107 488 134 577 798 976 699 

462 249 203 946 327 57 878 688 693 274 919 369 

306 374 776 11 907 466 346 272 450 237 445 

992 738 875 439 293 178 670 837 436 850 671 626 

911 89 590 70 322 204 833 186 72 810 794 

708 597 199 234 460 99 150 282 42 909 408 

726 289 629 553 824 151 525 336 945 586 

808 496 243 324 211 520 24 121 284 481 860 

260 38 691 98 227 429 427 623 81 106 

655 890 963 595 111 246 857 636 980 516 

700 669 897 425 413 12 261 567 925 851 569 

223 622 127 862 998 772 381 635 694 

606 934 765 296 583 258 446 588 179 867 197 428 51 

645 458 642 564 576 360 864 646 87 767 

394 377 758 386 788 449 800 281 

967 872 714 906 347 196 939 43 554 678 916 

489 858 335 442 959 543 404 830 423 762 

881 276 835 920 124 280 749 34 146 913 85 175 391 

218 202 471 935 955 505 658 987 129 613 105 

247 126 947 194 815 137 1 147 632 

201 372 497 524 839 676 568 782 244 541 

703 515 120 225 307 666 157 492 242 638 79 63 

931 292 774 193 892 232 978 952 55 76 709 270 

139 477 793 37 720 241 359 975 20 809 

165 482 785 332 546 653 968 580 465 889 

932 820 160 156 350 863 723 792 721 

650 752 936 624 784 245 295 172 845 

141 116 611 827 104 743 

854 68 262 781 627 158 503 604 200 338 383 865 

943 783 132 852 5 44 19 594 6 266 233 421 730 

983 164 644 78 760 437 933 7 662 

74 986 741 93 728 565 612 283 877 

213 718 517 651 411 853 182 239 384 

773 965 114 921 621 537 559 

463 54 924 745 510 826 639 506 422 255 

819 702 628 388 507 483 795 514 747 

339 273 368 184 542 689 362 805 61 

313 435 185 189 500 415 634 

704 35 581 811 522 900 183 97 253 

775 299 841 608 312 956 363 18 15 371 753 527 

901 817 744 856 412 432 618 407 278 

