numero di veicoli usati: 92
costo totale: 119095

640 943 851 881 204 343 816 266 422 717 687 145 28 799 

586 268 858 905 593 318 489 606 624 62 279 

642 975 966 625 376 589 554 550 358 32 619 

838 818 845 334 822 601 869 60 258 467 173 

149 581 440 10 656 76 622 182 113 

920 25 847 585 740 917 465 276 833 812 61 280 

984 996 419 839 466 197 328 815 860 138 

835 147 925 987 609 157 703 739 309 689 255 

983 379 191 780 938 673 121 132 661 726 

370 148 354 974 37 534 878 217 834 296 795 

709 51 767 490 236 620 205 33 103 926 69 580 

922 791 587 830 381 366 782 12 783 924 461 417 608 

437 17 657 220 229 668 626 744 

144 383 308 837 867 539 746 292 641 

991 244 6 14 304 823 203 395 945 286 562 911 

659 126 976 484 698 251 583 130 369 163 86 735 

533 762 636 325 564 429 750 209 558 413 186 385 

629 956 247 444 865 978 804 322 48 765 

814 171 239 455 23 638 131 571 985 399 561 749 412 

21 884 142 553 22 470 129 982 371 435 259 317 

476 488 418 914 572 559 127 177 879 43 

11 393 992 655 738 494 181 222 269 384 

211 431 821 828 512 55 702 897 95 758 597 

725 298 958 874 522 233 672 784 889 650 

216 544 341 81 329 693 492 188 155 375 548 777 

114 731 891 471 215 303 690 573 560 123 683 854 678 711 

542 481 909 894 532 960 537 931 105 146 315 430 338 

989 644 567 971 713 428 515 401 323 89 677 541 

26 764 707 516 483 301 227 133 491 794 

792 416 210 472 755 66 352 691 603 

720 908 223 274 41 288 263 112 172 643 997 

176 101 374 464 967 817 979 

754 753 944 388 898 947 632 526 372 895 396 

933 264 235 198 282 377 452 990 57 846 952 646 42 

230 65 161 737 613 635 424 64 319 857 497 193 

886 826 24 863 934 631 207 447 226 648 611 820 531 

391 796 540 565 450 663 723 652 940 54 

38 875 888 591 245 170 756 599 351 890 604 

538 355 116 742 408 18 900 684 887 627 7 199 189 

647 45 414 923 40 618 449 805 803 427 

929 686 261 453 344 859 

861 16 365 998 504 195 110 454 969 708 122 965 108 

616 165 809 682 336 167 701 829 380 

787 445 873 183 337 242 456 231 196 

778 150 637 345 675 576 446 117 552 813 896 

612 474 1000 751 175 941 732 676 667 654 94 406 

727 52 360 716 950 361 665 219 963 776 

866 96 901 844 364 856 278 729 320 519 478 

441 852 810 849 797 169 568 721 287 819 781 570 

477 883 405 521 736 670 903 180 674 400 291 

363 68 806 602 135 162 143 192 214 

285 426 841 579 523 267 321 20 824 594 35 249 527 

927 273 85 951 159 529 595 790 

206 293 706 248 501 326 870 528 981 699 118 

234 864 124 314 959 500 808 961 714 

272 660 386 5 763 557 769 502 115 

880 634 335 980 348 119 899 972 185 387 

948 468 962 773 443 3 949 213 499 200 848 524 

473 892 774 939 999 658 290 277 378 8 4 485 

271 297 807 39 936 910 1 72 332 662 250 

373 827 530 743 916 563 457 621 310 212 423 

771 685 724 179 798 194 58 840 651 392 83 

275 954 91 299 600 775 718 36 495 136 877 

300 768 592 493 390 977 331 953 546 232 403 836 994 

578 715 190 543 700 187 294 92 79 964 270 

27 306 788 525 596 800 312 356 789 

342 241 574 935 506 410 99 394 151 555 109 53 

871 610 868 367 30 505 359 340 770 551 509 

260 692 486 918 928 520 843 184 912 801 

598 577 649 482 432 831 802 460 893 141 

252 508 305 425 772 688 313 438 73 921 

630 15 671 262 986 353 439 475 218 78 957 

346 733 885 44 653 479 31 125 166 158 153 

316 350 517 514 588 74 669 757 

389 402 87 556 63 518 722 284 178 

694 462 748 254 510 80 614 832 566 536 

71 253 582 56 104 712 480 680 409 265 237 

741 256 915 719 84 164 404 289 681 639 463 13 

973 201 545 98 70 29 498 459 968 154 257 

811 421 993 575 243 100 728 97 382 535 19 295 766 

547 160 469 937 615 75 645 307 496 513 696 

695 607 605 760 633 730 34 759 872 

584 904 137 174 333 415 411 942 339 156 420 

825 628 752 705 102 664 747 704 397 9 913 434 697 168 

853 487 549 906 330 710 324 442 357 283 785 368 

82 932 436 362 107 327 240 225 862 458 

779 407 955 50 919 786 995 970 842 433 221 623 

59 451 228 311 855 734 347 745 590 

2 448 876 281 238 679 507 666 503 761 208 106 90 

349 152 569 139 120 111 946 128 140 46 246 

793 77 134 930 47 988 902 511 907 882 302 

93 850 88 49 617 202 398 224 67 

