numero di veicoli usati: 92
costo totale: 118511

59 427 590 384 214 

57 990 452 377 364 844 856 809 165 616 

180 903 670 841 579 523 267 239 736 521 674 926 

703 739 812 606 624 489 318 593 783 924 461 111 

724 948 468 848 773 443 3 949 213 499 392 72 

171 41 682 829 701 167 242 110 969 708 122 108 

640 943 851 881 204 422 343 816 914 572 559 241 895 

102 705 664 268 32 358 858 589 554 376 980 348 551 

634 975 966 625 550 905 62 279 397 9 704 747 

117 552 576 446 873 231 456 337 183 380 

925 987 609 157 12 689 309 782 586 335 46 

477 784 716 950 361 345 637 675 813 896 35 749 

419 815 825 276 833 366 61 899 119 946 417 

71 630 253 15 671 582 56 104 962 999 200 939 524 

353 915 719 639 681 289 404 164 84 680 807 

528 568 169 797 849 564 429 129 470 236 620 769 

715 441 852 810 699 981 118 42 502 69 

179 798 702 473 512 55 892 774 290 658 651 840 631 

983 63 518 685 545 537 794 918 600 

902 811 421 993 575 243 100 728 496 880 359 340 

211 431 821 828 986 262 712 480 277 

793 101 65 818 737 613 930 319 497 772 43 799 420 

373 212 310 621 457 174 717 687 942 294 423 

760 733 44 653 885 947 898 632 759 158 

215 401 692 515 690 573 560 928 520 482 910 936 498 

88 49 297 39 459 202 597 722 224 178 

814 321 20 861 455 23 638 445 901 729 278 336 546 

845 160 469 937 615 75 645 307 139 569 511 

27 306 800 312 342 137 596 525 788 372 526 

96 553 22 175 941 908 952 846 198 282 223 274 646 982 

839 466 628 25 847 917 465 740 585 328 752 467 

402 973 201 931 105 146 315 98 265 237 398 

538 627 47 988 857 382 97 19 535 907 369 163 623 

354 932 436 82 330 710 256 439 8 4 430 338 

391 796 540 565 652 435 186 385 836 994 

824 16 365 504 195 454 998 288 263 965 571 205 

647 161 367 923 696 513 505 882 86 735 

451 437 984 837 539 867 220 996 920 347 90 

954 68 672 493 331 985 953 172 232 643 997 

864 346 388 125 411 415 333 413 940 259 

971 713 428 764 301 227 491 577 598 58 194 

754 356 254 28 145 574 506 410 99 394 151 555 109 

542 909 894 532 960 755 133 95 897 29 70 

791 587 822 601 381 830 869 60 334 152 

922 642 147 835 668 746 197 229 666 785 

316 405 519 390 890 977 399 561 938 33 

311 855 679 657 238 281 876 448 2 734 834 

162 379 951 412 978 673 121 804 196 

629 725 298 768 233 522 874 471 260 123 303 89 

868 414 45 803 805 449 40 618 30 

31 479 827 530 563 916 743 543 750 209 558 371 403 322 

607 190 450 663 700 187 92 935 339 79 964 

176 779 871 547 626 258 292 387 302 

81 329 375 155 693 492 483 516 707 26 683 269 

252 407 955 50 919 786 995 177 127 879 193 

859 206 124 314 166 34 723 730 153 

875 888 351 599 756 170 245 591 486 299 191 820 

991 244 189 199 7 688 313 438 73 921 156 

6 817 395 355 116 742 945 286 408 684 887 900 18 

114 567 691 603 216 352 544 341 548 188 777 

389 992 738 494 655 284 67 296 795 

581 440 10 656 860 76 622 106 485 

778 594 776 150 963 219 665 320 131 112 103 580 

225 240 327 107 906 549 487 853 862 458 

230 610 374 464 698 251 120 295 130 766 185 972 

149 17 507 503 138 280 913 357 434 697 168 

21 762 636 884 490 781 570 48 765 406 

93 271 741 409 378 463 1 83 

235 676 732 751 1000 474 142 721 287 819 249 592 757 

234 753 944 584 904 789 270 53 

787 264 866 933 767 51 709 557 115 

694 462 748 488 266 418 510 80 614 832 536 

285 143 602 806 38 300 731 891 958 323 889 91 247 604 

727 74 588 883 135 52 360 159 529 

453 261 695 763 578 633 400 192 595 790 

228 144 383 308 255 619 770 583 283 140 128 608 246 

363 678 854 207 447 226 648 611 478 531 

370 148 534 37 974 878 362 617 968 218 78 

612 533 326 870 325 720 667 654 94 54 317 

838 967 14 304 77 823 635 134 424 203 64 562 979 

87 826 758 332 662 831 802 460 893 141 

644 66 495 775 718 36 136 650 877 527 

927 273 350 517 514 426 85 669 291 

275 711 677 956 444 865 780 132 661 726 

792 989 556 481 416 472 210 181 222 541 

476 508 305 425 566 970 842 221 433 

771 393 24 863 934 649 843 184 432 250 912 801 

11 850 217 475 324 761 442 208 154 257 182 113 13 957 

929 344 959 500 808 961 396 872 714 

659 126 349 976 484 173 641 509 744 911 

886 745 368 

272 660 386 605 293 706 248 501 5 686 

