numero di veicoli usati: 101
costo totale: 109698

640 943 851 881 204 343 816 266 422 717 687 28 339 

664 268 858 905 593 318 489 606 624 62 279 

634 975 966 625 376 589 554 550 358 783 461 

251 152 907 882 193 43 799 158 

825 628 752 705 102 586 335 704 397 9 747 913 357 

920 25 847 585 740 917 465 276 833 812 61 280 

984 996 419 839 466 197 328 815 860 138 

835 147 925 987 609 157 703 739 309 689 255 

247 938 780 121 673 570 643 322 726 661 

17 679 657 220 229 668 258 626 

855 876 281 238 507 503 202 398 758 597 430 631 222 650 

236 620 205 33 103 654 557 94 54 

791 587 830 822 642 366 782 12 32 924 

818 45 805 845 334 60 869 601 381 880 980 551 

144 383 308 837 867 539 746 292 722 

817 14 304 77 203 424 823 737 803 

610 374 173 583 130 369 163 

42 209 558 413 940 186 385 

956 191 604 444 865 978 804 132 403 48 

973 201 63 826 24 863 934 207 447 226 648 611 

781 470 129 982 232 546 371 435 259 

488 418 914 572 559 832 127 177 879 688 536 

300 725 298 958 874 522 233 768 672 784 

87 983 771 792 518 685 545 724 179 

93 297 211 431 821 828 892 702 798 

38 875 888 591 245 170 756 599 351 889 

216 544 341 81 329 567 693 492 188 155 548 777 

629 731 891 471 260 303 690 573 560 123 683 854 678 

542 481 909 894 532 960 537 931 105 146 315 

375 971 713 428 515 692 401 215 323 89 

26 764 707 516 483 301 227 133 491 794 

393 416 210 472 755 66 352 691 603 

720 564 908 223 274 288 263 112 172 

476 355 945 286 319 64 666 734 347 

584 388 904 27 174 333 415 411 942 

676 474 1000 732 751 175 941 646 674 667 

613 635 134 930 47 988 902 857 511 359 

709 490 553 22 131 985 977 331 399 561 749 412 

265 237 834 

391 796 540 565 750 663 450 

992 655 494 738 711 677 181 

395 116 742 408 18 900 684 887 627 7 199 189 

414 923 40 618 449 367 698 467 458 

272 344 686 453 261 695 386 605 607 859 

636 325 884 762 21 612 767 933 51 

861 16 365 998 504 195 110 454 969 708 122 965 108 

616 41 165 809 682 336 829 701 167 

814 171 455 23 638 873 231 456 242 337 183 380 

778 150 637 345 675 576 446 117 552 813 896 

866 264 96 844 364 377 452 990 57 846 952 429 

727 52 360 716 950 361 665 219 963 776 

787 235 445 901 198 282 856 278 729 320 571 

441 852 810 849 797 169 568 142 721 287 819 

275 927 273 405 521 736 670 903 180 

114 363 68 806 602 143 162 135 954 

426 841 579 523 267 321 239 20 824 594 35 

316 350 517 514 588 74 883 285 

5 760 763 533 326 870 528 981 699 118 

929 234 754 753 944 346 808 500 961 959 

11 389 402 989 556 644 

660 206 293 501 706 248 864 124 314 578 715 

669 224 368 

119 348 608 168 

948 468 962 773 443 3 949 213 499 200 848 524 

55 774 939 999 658 290 277 378 8 4 463 182 697 

807 39 936 910 1 72 332 662 250 541 

373 827 530 743 916 563 457 621 310 212 423 

473 512 897 95 194 58 840 651 392 83 

91 890 299 600 775 718 36 495 136 877 192 

592 493 390 249 953 196 836 994 

190 543 700 187 92 294 895 156 964 

733 885 44 653 479 31 125 723 652 

356 241 574 935 506 410 99 394 151 555 109 270 

569 139 120 111 899 340 770 387 246 

486 918 928 520 843 184 912 801 795 

598 577 649 482 432 831 802 460 893 141 

789 425 772 566 313 438 73 79 921 

98 70 29 498 459 968 257 218 78 113 13 957 

166 633 730 34 759 

519 379 951 159 820 529 478 595 790 757 

85 400 502 769 997 926 69 531 

694 462 748 254 510 614 80 497 995 735 

71 253 582 56 104 712 480 680 409 338 269 

741 256 915 719 84 164 404 289 681 639 485 

271 630 15 671 262 986 353 439 475 154 

991 538 811 421 993 575 243 100 728 97 382 19 766 

160 469 937 615 75 645 307 496 535 513 696 

305 342 312 800 137 596 525 788 306 979 562 

898 947 632 526 372 145 396 872 714 420 

149 581 440 10 656 76 622 434 185 46 

370 148 354 974 878 37 534 442 946 619 295 509 744 

82 932 436 362 107 327 240 225 862 

779 252 407 955 508 50 919 786 970 842 221 

59 451 437 228 311 448 2 745 590 

853 487 549 906 330 710 324 761 208 106 90 

793 101 244 6 641 785 283 128 140 417 972 

922 484 161 30 505 86 623 433 302 

477 214 384 527 291 580 765 406 115 317 53 153 

176 230 871 65 868 647 464 126 911 427 

850 88 49 617 217 296 67 284 178 

659 838 349 967 976 547 886 

