numero di veicoli usati: 94
costo totale: 132071

117 446 365 504 998 122 708 969 380 620 502 

272 660 386 695 5 605 610 65 251 562 979 

149 659 374 698 173 

866 264 884 762 21 612 709 400 69 

724 798 773 443 3 949 213 499 848 939 290 658 807 202 

456 242 167 829 701 110 454 965 108 288 953 33 

484 975 554 905 624 606 62 279 397 9 946 

71 253 15 671 480 84 712 524 936 910 1 72 460 

644 603 691 693 577 598 482 649 758 224 

856 809 682 165 41 616 278 729 674 580 

966 625 376 550 358 32 783 924 461 119 348 46 744 

437 835 987 609 157 366 619 417 140 128 608 246 

814 171 321 20 861 455 23 445 236 769 557 

668 833 739 703 689 309 12 255 551 283 387 

741 915 639 719 681 289 404 164 680 277 39 

206 314 808 754 753 166 633 34 158 153 

922 547 642 586 782 335 980 359 340 770 583 641 735 

38 784 716 950 361 345 896 35 665 331 379 192 

971 713 428 573 560 123 303 493 249 519 951 159 

996 628 25 847 917 465 815 280 138 434 697 168 

354 932 436 82 710 409 378 463 485 218 78 

59 383 308 746 197 229 666 503 761 442 968 

568 169 797 849 564 952 198 282 223 274 646 371 765 

293 947 898 530 563 743 411 415 333 187 

144 147 102 705 664 268 589 858 899 111 509 

261 501 373 621 310 212 632 294 92 151 555 109 

768 888 245 963 637 219 594 749 205 103 926 

297 986 262 56 58 194 432 631 722 178 

821 828 431 211 473 512 55 897 95 934 181 222 

955 694 462 943 572 914 418 559 28 799 

234 944 584 904 27 356 759 872 420 

748 640 851 881 204 422 343 816 266 488 789 396 

779 220 466 839 419 860 76 622 182 113 

845 937 615 307 496 535 19 382 696 505 

342 312 800 137 596 525 788 306 254 536 

841 579 523 267 239 638 131 112 673 804 529 

630 582 104 962 999 200 651 840 802 831 

676 908 844 364 452 377 990 57 846 172 232 643 322 

101 370 148 37 534 862 626 292 427 

176 451 984 837 539 867 507 734 90 368 

426 405 180 903 670 736 521 412 669 

811 421 993 575 243 728 100 97 139 130 911 

533 326 870 636 325 720 699 118 565 54 

672 875 591 170 756 599 351 390 604 527 

528 981 429 42 652 413 940 186 385 836 

989 352 341 188 918 928 520 843 184 912 

477 778 150 776 675 552 813 576 571 985 865 226 648 

93 850 256 439 617 217 265 237 834 

787 235 96 901 873 231 336 546 196 132 661 

542 931 537 146 98 29 70 332 662 250 

375 155 26 764 707 516 492 483 486 299 207 

363 889 592 890 977 399 561 938 978 820 531 

244 818 367 923 469 75 645 160 569 513 369 

824 16 195 183 337 263 320 780 121 726 

300 298 233 522 874 471 958 891 323 89 677 541 

225 240 327 107 906 549 487 853 154 257 

114 216 81 329 567 777 548 678 854 711 269 

349 334 60 869 587 830 822 601 381 30 

793 230 871 464 647 449 40 618 902 511 882 163 86 

706 733 44 885 653 479 31 125 700 730 

974 878 362 330 475 324 8 498 459 398 67 296 

77 635 613 803 414 45 805 152 258 467 

63 518 685 545 315 105 201 973 863 597 430 338 

6 817 395 355 900 627 887 684 497 614 832 43 

215 401 692 515 690 260 683 775 600 956 191 214 

827 916 457 174 942 935 506 394 79 964 

66 544 301 227 133 491 718 136 447 384 

983 393 826 24 794 495 36 650 801 

11 87 402 389 886 347 745 590 

929 578 441 810 852 750 209 558 435 259 317 

275 629 725 731 91 247 444 611 877 478 

920 825 740 585 328 752 276 61 913 357 785 

228 17 657 10 656 208 106 13 957 

407 508 786 47 995 177 127 438 73 921 

344 686 796 391 540 667 654 94 406 115 

474 1000 751 732 941 175 22 553 287 819 781 570 997 

581 311 855 679 238 281 876 448 2 440 458 

346 388 50 919 80 510 717 687 372 526 895 423 270 

933 767 51 490 721 142 470 129 982 403 48 

868 161 791 634 880 120 295 766 842 623 302 

925 593 318 489 812 704 747 972 185 

143 162 135 52 360 602 806 68 954 

727 285 883 514 588 74 595 790 

179 702 892 774 948 468 392 83 795 

271 88 49 353 4 893 141 

556 481 909 894 532 960 755 472 210 416 

927 273 316 350 517 85 291 757 

771 792 992 655 494 738 284 

476 305 425 772 145 241 574 99 410 339 156 

252 538 116 742 945 286 408 18 193 879 688 566 313 970 

859 607 760 715 190 543 663 450 723 994 53 

991 14 304 203 424 737 823 319 64 7 199 189 

838 126 976 967 134 930 988 857 907 433 221 

453 763 248 864 124 959 500 961 714 

