numero di veicoli usati: 148
costo totale: 179665

451 605 427 67 

115 962 486 743 440 512 223 

212 859 324 686 243 25 1000 

30 136 644 398 

849 555 342 

794 971 628 376 817 

6 268 980 210 574 118 897 

597 287 772 506 626 471 260 

914 362 621 969 213 251 455 

410 5 477 

633 262 63 983 499 

581 933 52 335 368 654 918 530 444 699 59 140 

715 888 923 355 

277 286 824 

714 844 956 661 

183 36 663 561 498 438 22 311 893 

415 322 564 320 347 83 500 

406 820 502 222 927 509 465 750 642 310 

543 742 493 

819 999 246 943 723 920 227 850 828 433 567 161 71 862 

291 57 131 593 953 159 

313 209 709 991 878 234 

143 

937 407 102 934 720 126 265 2 53 62 

417 424 90 395 519 728 65 186 

577 533 329 249 945 20 46 689 138 905 

380 44 4 17 9 89 18 105 97 919 

122 705 627 462 698 

66 545 778 129 8 491 821 150 383 695 297 

116 813 840 463 586 906 541 886 174 

977 390 352 600 870 786 274 869 

285 356 472 393 967 474 688 315 518 

125 954 404 39 782 256 857 510 

411 563 986 938 818 910 27 189 

544 278 511 308 191 712 898 979 732 

77 298 524 

562 148 481 74 876 560 418 513 374 

316 678 461 47 915 

800 211 359 442 804 

922 736 61 744 911 

808 926 964 988 

853 432 727 288 835 858 361 839 608 994 447 

931 151 137 177 769 135 171 146 

95 834 557 381 271 215 196 674 871 662 

722 718 326 334 100 414 430 802 550 

301 777 630 80 236 264 805 

984 896 244 497 48 935 484 653 

173 955 14 754 700 889 724 379 525 791 

351 338 895 416 284 

532 33 672 

536 257 121 966 635 247 113 452 448 367 

764 426 799 594 503 399 98 82 

190 842 50 675 822 459 830 872 903 

382 784 708 460 852 428 907 

648 949 197 639 229 730 88 659 110 42 874 

388 760 272 321 353 

76 631 467 333 203 716 706 875 693 762 601 232 

941 32 520 357 

386 792 901 909 259 319 145 803 165 128 691 668 

985 774 

884 305 478 

656 385 537 124 816 412 160 

79 664 49 489 490 16 669 731 375 701 436 387 

403 970 729 413 866 887 408 690 812 614 845 

238 188 527 245 793 636 147 747 

652 681 948 752 269 275 865 75 713 185 

400 240 216 349 178 

571 91 96 378 341 

785 267 837 104 132 925 202 547 

208 425 149 332 345 936 739 409 

535 303 226 671 978 851 134 358 

578 346 443 7 

815 658 771 761 168 592 464 281 391 

106 158 81 974 422 944 401 579 538 

823 258 317 958 505 142 516 

476 494 252 86 485 

369 261 838 697 814 

306 294 504 766 343 930 756 241 

54 483 998 26 665 

35 825 932 868 154 370 827 832 270 

164 323 242 419 179 622 450 205 746 

175 144 373 692 133 913 539 891 

299 449 602 546 759 377 296 995 

328 92 200 846 634 624 201 445 517 454 

982 707 111 551 94 843 942 

957 787 806 710 318 831 961 587 

660 3 402 456 565 193 670 646 263 207 

327 348 548 

108 182 470 93 163 340 

184 139 531 645 195 696 

767 214 198 64 589 975 434 765 

879 501 632 366 192 12 929 

582 479 300 719 204 37 292 989 917 

194 84 867 908 468 916 

780 529 965 740 677 921 230 169 

963 726 801 987 466 279 31 276 41 

309 890 721 253 651 

711 

28 775 973 397 939 123 

789 553 103 331 972 549 552 

625 990 584 60 809 993 864 790 280 43 

902 181 912 

363 797 45 68 575 295 180 302 187 19 

364 492 219 170 685 

570 350 882 

620 959 841 580 304 480 684 833 56 

616 

788 528 354 558 217 568 

38 421 618 

488 34 

473 109 679 604 781 880 703 

394 441 40 282 119 610 23 

968 745 218 371 643 

615 667 

372 894 641 

559 172 569 603 

231 1 70 496 166 307 687 617 

683 344 596 749 156 

795 114 225 

960 810 807 314 770 239 220 55 883 

487 255 899 289 572 950 423 85 554 233 881 650 647 

127 682 475 235 773 389 

312 702 199 680 153 946 

384 607 405 

611 940 534 738 526 

599 755 704 99 515 206 

437 900 522 811 

585 365 120 521 996 737 873 576 

655 976 458 798 10 649 141 637 848 

435 250 152 112 157 29 273 717 

854 783 640 861 339 457 748 325 673 735 

336 508 254 595 847 540 

360 763 429 

623 734 228 107 776 162 992 

87 694 796 420 566 21 583 

947 588 439 751 

266 

130 904 855 13 78 237 176 

167 11 779 885 609 877 290 

836 69 951 495 892 507 753 

924 155 224 590 51 591 757 101 392 453 860 283 221 

293 542 928 952 619 446 396 733 15 73 741 469 

856 758 58 514 

997 629 829 523 117 768 657 863 330 248 826 

638 72 573 337 613 556 598 676 

981 666 

725 612 431 606 

482 24 

